1 1.691939 2.481884 4.169807
2 -2.207118 4.547543 -0.015619
3 0.563452 1.163402 2.46922
4 2.478618 1.762835 1.995805
5 -0.095579 3.763883 3.102493
6 -1.005476 3.277829 -0.126601
7 1.870696 3.448131 4.355311
8 0.866611 2.738941 4.672555
9 1.043193 1.954521 2.848666
10 0.246106 5.941196 1.556573
11 -0.883596 5.398633 1.188709
12 -0.178555 5.937346 0.651229
13 -0.054186 3.7178 0.436686
14 1.373587 3.360529 5.269718
15 1.006913 4.956725 0.845771
16 -0.152287 1.772228 2.811342
17 -1.926834 4.167149 2.758204
18 0.817289 3.880139 2.711141
19 -0.329555 2.655203 2.376679
20 -1.172083 5.607172 -0.358147
21 1.190338 3.040786 3.509485
22 -0.397509 4.765251 2.143908
23 -0.838347 4.362298 1.298322
24 -1.705451 5.006011 0.717959
25 -0.880848 3.890522 2.179016
26 -1.016253 2.803484 0.753672
27 1.510951 2.486579 1.867588
28 0.4303 3.531315 1.857583
29 -2.110971 5.357117 -0.59471
30 1.783238 2.95343 2.708961
31 0.532654 5.592114 0.03886
32 0.8264 4.569342 3.435652
33 0.280312 2.838324 3.147735
34 -0.939312 4.168902 0.322411
35 -1.173654 2.96496 1.939017
36 -1.2438 5.107423 -1.221343
37 0.115257 4.628349 1.15741
38 -1.568267 4.608881 1.935828
39 -0.588598 5.104407 0.27964
40 2.592693 2.370754 2.781567
41 1.691939 2.481884 44.169807
42 -2.207118 4.547543 39.984381
43 0.563452 1.163402 42.46922
44 2.478618 1.762835 41.995805
45 -0.095579 3.763883 43.102493
46 -1.005476 3.277829 39.873399
47 1.870696 3.448131 44.355311
48 0.866611 2.738941 44.672555
49 1.043193 1.954521 42.848666
50 0.246106 5.941196 41.556573
51 -0.883596 5.398633 41.188709
52 -0.178555 5.937346 40.651229
53 -0.054186 3.7178 40.436686
54 1.373587 3.360529 45.269718
55 1.006913 4.956725 40.845771
56 -0.152287 1.772228 42.811342
57 -1.926834 4.167149 42.758204
58 0.817289 3.880139 42.711141
59 -0.329555 2.655203 42.376679
60 -1.172083 5.607172 39.641853
61 1.190338 3.040786 43.509485
62 -0.397509 4.765251 42.143908
63 -0.838347 4.362298 41.298322
64 -1.705451 5.006011 40.717959
65 -0.880848 3.890522 42.179016
66 -1.016253 2.803484 40.753672
67 1.510951 2.486579 41.867588
68 0.4303 3.531315 41.857583
69 -2.110971 5.357117 39.40529
70 1.783238 2.95343 42.708961
71 0.532654 5.592114 40.03886
72 0.8264 4.569342 43.435652
73 0.280312 2.838324 43.147735
74 -0.939312 4.168902 40.322411
75 -1.173654 2.96496 41.939017
76 -1.2438 5.107423 38.778657
77 0.115257 4.628349 41.15741
78 -1.568267 4.608881 41.935828
79 -0.588598 5.104407 40.27964
80 2.592693 2.370754 42.781567
81 1.691939 2.481884 84.169807
82 -2.207118 4.547543 79.984381
83 0.563452 1.163402 82.46922
84 2.478618 1.762835 81.995805
85 -0.095579 3.763883 83.102493
86 -1.005476 3.277829 79.873399
87 1.870696 3.448131 84.355311
88 0.866611 2.738941 84.672555
89 1.043193 1.954521 82.848666
90 0.246106 5.941196 81.556573
91 -0.883596 5.398633 81.188709
92 -0.178555 5.937346 80.651229
93 -0.054186 3.7178 80.436686
94 1.373587 3.360529 85.269718
95 1.006913 4.956725 80.845771
96 -0.152287 1.772228 82.811342
97 -1.926834 4.167149 82.758204
98 0.817289 3.880139 82.711141
99 -0.329555 2.655203 82.376679
100 -1.172083 5.607172 79.641853
101 1.190338 3.040786 83.509485
102 -0.397509 4.765251 82.143908
103 -0.838347 4.362298 81.298322
104 -1.705451 5.006011 80.717959
105 -0.880848 3.890522 82.179016
106 -1.016253 2.803484 80.753672
107 1.510951 2.486579 81.867588
108 0.4303 3.531315 81.857583
109 -2.110971 5.357117 79.40529
110 1.783238 2.95343 82.708961
111 0.532654 5.592114 80.03886
112 0.8264 4.569342 83.435652
113 0.280312 2.838324 83.147735
114 -0.939312 4.168902 80.322411
115 -1.173654 2.96496 81.939017
116 -1.2438 5.107423 78.778657
117 0.115257 4.628349 81.15741
118 -1.568267 4.608881 81.935828
119 -0.588598 5.104407 80.27964
120 2.592693 2.370754 82.781567
121 1.691939 42.481884 4.169807
122 -2.207118 44.547543 -0.015619
123 0.563452 41.163402 2.46922
124 2.478618 41.762835 1.995805
125 -0.095579 43.763883 3.102493
126 -1.005476 43.277829 -0.126601
127 1.870696 43.448131 4.355311
128 0.866611 42.738941 4.672555
129 1.043193 41.954521 2.848666
130 0.246106 45.941196 1.556573
131 -0.883596 45.398633 1.188709
132 -0.178555 45.937346 0.651229
133 -0.054186 43.7178 0.436686
134 1.373587 43.360529 5.269718
135 1.006913 44.956725 0.845771
136 -0.152287 41.772228 2.811342
137 -1.926834 44.167149 2.758204
138 0.817289 43.880139 2.711141
139 -0.329555 42.655203 2.376679
140 -1.172083 45.607172 -0.358147
141 1.190338 43.040786 3.509485
142 -0.397509 44.765251 2.143908
143 -0.838347 44.362298 1.298322
144 -1.705451 45.006011 0.717959
145 -0.880848 43.890522 2.179016
146 -1.016253 42.803484 0.753672
147 1.510951 42.486579 1.867588
148 0.4303 43.531315 1.857583
149 -2.110971 45.357117 -0.59471
150 1.783238 42.95343 2.708961
151 0.532654 45.592114 0.03886
152 0.8264 44.569342 3.435652
153 0.280312 42.838324 3.147735
154 -0.939312 44.168902 0.322411
155 -1.173654 42.96496 1.939017
156 -1.2438 45.107423 -1.221343
157 0.115257 44.628349 1.15741
158 -1.568267 44.608881 1.935828
159 -0.588598 45.104407 0.27964
160 2.592693 42.370754 2.781567
161 1.691939 42.481884 44.169807
162 -2.207118 44.547543 39.984381
163 0.563452 41.163402 42.46922
164 2.478618 41.762835 41.995805
165 -0.095579 43.763883 43.102493
166 -1.005476 43.277829 39.873399
167 1.870696 43.448131 44.355311
168 0.866611 42.738941 44.672555
169 1.043193 41.954521 42.848666
170 0.246106 45.941196 41.556573
171 -0.883596 45.398633 41.188709
172 -0.178555 45.937346 40.651229
173 -0.054186 43.7178 40.436686
174 1.373587 43.360529 45.269718
175 1.006913 44.956725 40.845771
176 -0.152287 41.772228 42.811342
177 -1.926834 44.167149 42.758204
178 0.817289 43.880139 42.711141
179 -0.329555 42.655203 42.376679
180 -1.172083 45.607172 39.641853
181 1.190338 43.040786 43.509485
182 -0.397509 44.765251 42.143908
183 -0.838347 44.362298 41.298322
184 -1.705451 45.006011 40.717959
185 -0.880848 43.890522 42.179016
186 -1.016253 42.803484 40.753672
187 1.510951 42.486579 41.867588
188 0.4303 43.531315 41.857583
189 -2.110971 45.357117 39.40529
190 1.783238 42.95343 42.708961
191 0.532654 45.592114 40.03886
192 0.8264 44.569342 43.435652
193 0.280312 42.838324 43.147735
194 -0.939312 44.168902 40.322411
195 -1.173654 42.96496 41.939017
196 -1.2438 45.107423 38.778657
197 0.115257 44.628349 41.15741
198 -1.568267 44.608881 41.935828
199 -0.588598 45.104407 40.27964
200 2.592693 42.370754 42.781567
201 1.691939 42.481884 84.169807
202 -2.207118 44.547543 79.984381
203 0.563452 41.163402 82.46922
204 2.478618 41.762835 81.995805
205 -0.095579 43.763883 83.102493
206 -1.005476 43.277829 79.873399
207 1.870696 43.448131 84.355311
208 0.866611 42.738941 84.672555
209 1.043193 41.954521 82.848666
210 0.246106 45.941196 81.556573
211 -0.883596 45.398633 81.188709
212 -0.178555 45.937346 80.651229
213 -0.054186 43.7178 80.436686
214 1.373587 43.360529 85.269718
215 1.006913 44.956725 80.845771
216 -0.152287 41.772228 82.811342
217 -1.926834 44.167149 82.758204
218 0.817289 43.880139 82.711141
219 -0.329555 42.655203 82.376679
220 -1.172083 45.607172 79.641853
221 1.190338 43.040786 83.509485
222 -0.397509 44.765251 82.143908
223 -0.838347 44.362298 81.298322
224 -1.705451 45.006011 80.717959
225 -0.880848 43.890522 82.179016
226 -1.016253 42.803484 80.753672
227 1.510951 42.486579 81.867588
228 0.4303 43.531315 81.857583
229 -2.110971 45.357117 79.40529
230 1.783238 42.95343 82.708961
231 0.532654 45.592114 80.03886
232 0.8264 44.569342 83.435652
233 0.280312 42.838324 83.147735
234 -0.939312 44.168902 80.322411
235 -1.173654 42.96496 81.939017
236 -1.2438 45.107423 78.778657
237 0.115257 44.628349 81.15741
238 -1.568267 44.608881 81.935828
239 -0.588598 45.104407 80.27964
240 2.592693 42.370754 82.781567
241 1.691939 82.481884 4.169807
242 -2.207118 84.547543 -0.015619
243 0.563452 81.163402 2.46922
244 2.478618 81.762835 1.995805
245 -0.095579 83.763883 3.102493
246 -1.005476 83.277829 -0.126601
247 1.870696 83.448131 4.355311
248 0.866611 82.738941 4.672555
249 1.043193 81.954521 2.848666
250 0.246106 85.941196 1.556573
251 -0.883596 85.398633 1.188709
252 -0.178555 85.937346 0.651229
253 -0.054186 83.7178 0.436686
254 1.373587 83.360529 5.269718
255 1.006913 84.956725 0.845771
256 -0.152287 81.772228 2.811342
257 -1.926834 84.167149 2.758204
258 0.817289 83.880139 2.711141
259 -0.329555 82.655203 2.376679
260 -1.172083 85.607172 -0.358147
261 1.190338 83.040786 3.509485
262 -0.397509 84.765251 2.143908
263 -0.838347 84.362298 1.298322
264 -1.705451 85.006011 0.717959
265 -0.880848 83.890522 2.179016
266 -1.016253 82.803484 0.753672
267 1.510951 82.486579 1.867588
268 0.4303 83.531315 1.857583
269 -2.110971 85.357117 -0.59471
270 1.783238 82.95343 2.708961
271 0.532654 85.592114 0.03886
272 0.8264 84.569342 3.435652
273 0.280312 82.838324 3.147735
274 -0.939312 84.168902 0.322411
275 -1.173654 82.96496 1.939017
276 -1.2438 85.107423 -1.221343
277 0.115257 84.628349 1.15741
278 -1.568267 84.608881 1.935828
279 -0.588598 85.104407 0.27964
280 2.592693 82.370754 2.781567
281 1.691939 82.481884 44.169807
282 -2.207118 84.547543 39.984381
283 0.563452 81.163402 42.46922
284 2.478618 81.762835 41.995805
285 -0.095579 83.763883 43.102493
286 -1.005476 83.277829 39.873399
287 1.870696 83.448131 44.355311
288 0.866611 82.738941 44.672555
289 1.043193 81.954521 42.848666
290 0.246106 85.941196 41.556573
291 -0.883596 85.398633 41.188709
292 -0.178555 85.937346 40.651229
293 -0.054186 83.7178 40.436686
294 1.373587 83.360529 45.269718
295 1.006913 84.956725 40.845771
296 -0.152287 81.772228 42.811342
297 -1.926834 84.167149 42.758204
298 0.817289 83.880139 42.711141
299 -0.329555 82.655203 42.376679
300 -1.172083 85.607172 39.641853
301 1.190338 83.040786 43.509485
302 -0.397509 84.765251 42.143908
303 -0.838347 84.362298 41.298322
304 -1.705451 85.006011 40.717959
305 -0.880848 83.890522 42.179016
306 -1.016253 82.803484 40.753672
307 1.510951 82.486579 41.867588
308 0.4303 83.531315 41.857583
309 -2.110971 85.357117 39.40529
310 1.783238 82.95343 42.708961
311 0.532654 85.592114 40.03886
312 0.8264 84.569342 43.435652
313 0.280312 82.838324 43.147735
314 -0.939312 84.168902 40.322411
315 -1.173654 82.96496 41.939017
316 -1.2438 85.107423 38.778657
317 0.115257 84.628349 41.15741
318 -1.568267 84.608881 41.935828
319 -0.588598 85.104407 40.27964
320 2.592693 82.370754 42.781567
321 1.691939 82.481884 84.169807
322 -2.207118 84.547543 79.984381
323 0.563452 81.163402 82.46922
324 2.478618 81.762835 81.995805
325 -0.095579 83.763883 83.102493
326 -1.005476 83.277829 79.873399
327 1.870696 83.448131 84.355311
328 0.866611 82.738941 84.672555
329 1.043193 81.954521 82.848666
330 0.246106 85.941196 81.556573
331 -0.883596 85.398633 81.188709
332 -0.178555 85.937346 80.651229
333 -0.054186 83.7178 80.436686
334 1.373587 83.360529 85.269718
335 1.006913 84.956725 80.845771
336 -0.152287 81.772228 82.811342
337 -1.926834 84.167149 82.758204
338 0.817289 83.880139 82.711141
339 -0.329555 82.655203 82.376679
340 -1.172083 85.607172 79.641853
341 1.190338 83.040786 83.509485
342 -0.397509 84.765251 82.143908
343 -0.838347 84.362298 81.298322
344 -1.705451 85.006011 80.717959
345 -0.880848 83.890522 82.179016
346 -1.016253 82.803484 80.753672
347 1.510951 82.486579 81.867588
348 0.4303 83.531315 81.857583
349 -2.110971 85.357117 79.40529
350 1.783238 82.95343 82.708961
351 0.532654 85.592114 80.03886
352 0.8264 84.569342 83.435652
353 0.280312 82.838324 83.147735
354 -0.939312 84.168902 80.322411
355 -1.173654 82.96496 81.939017
356 -1.2438 85.107423 78.778657
357 0.115257 84.628349 81.15741
358 -1.568267 84.608881 81.935828
359 -0.588598 85.104407 80.27964
360 2.592693 82.370754 82.781567
361 41.691939 2.481884 4.169807
362 37.792882 4.547543 -0.015619
363 40.563452 1.163402 2.46922
364 42.478618 1.762835 1.995805
365 39.904421 3.763883 3.102493
366 38.994524 3.277829 -0.126601
367 41.870696 3.448131 4.355311
368 40.866611 2.738941 4.672555
369 41.043193 1.954521 2.848666
370 40.246106 5.941196 1.556573
371 39.116404 5.398633 1.188709
372 39.821445 5.937346 0.651229
373 39.945814 3.7178 0.436686
374 41.373587 3.360529 5.269718
375 41.006913 4.956725 0.845771
376 39.847713 1.772228 2.811342
377 38.073166 4.167149 2.758204
378 40.817289 3.880139 2.711141
379 39.670445 2.655203 2.376679
380 38.827917 5.607172 -0.358147
381 41.190338 3.040786 3.509485
382 39.602491 4.765251 2.143908
383 39.161653 4.362298 1.298322
384 38.294549 5.006011 0.717959
385 39.119152 3.890522 2.179016
386 38.983747 2.803484 0.753672
387 41.510951 2.486579 1.867588
388 40.4303 3.531315 1.857583
389 37.889029 5.357117 -0.59471
390 41.783238 2.95343 2.708961
391 40.532654 5.592114 0.03886
392 40.8264 4.569342 3.435652
393 40.280312 2.838324 3.147735
394 39.060688 4.168902 0.322411
395 38.826346 2.96496 1.939017
396 38.7562 5.107423 -1.221343
397 40.115257 4.628349 1.15741
398 38.431733 4.608881 1.935828
399 39.411402 5.104407 0.27964
400 42.592693 2.370754 2.781567
401 41.691939 2.481884 44.169807
402 37.792882 4.547543 39.984381
403 40.563452 1.163402 42.46922
404 42.478618 1.762835 41.995805
405 39.904421 3.763883 43.102493
406 38.994524 3.277829 39.873399
407 41.870696 3.448131 44.355311
408 40.866611 2.738941 44.672555
409 41.043193 1.954521 42.848666
410 40.246106 5.941196 41.556573
411 39.116404 5.398633 41.188709
412 39.821445 5.937346 40.651229
413 39.945814 3.7178 40.436686
414 41.373587 3.360529 45.269718
415 41.006913 4.956725 40.845771
416 39.847713 1.772228 42.811342
417 38.073166 4.167149 42.758204
418 40.817289 3.880139 42.711141
419 39.670445 2.655203 42.376679
420 38.827917 5.607172 39.641853
421 41.190338 3.040786 43.509485
422 39.602491 4.765251 42.143908
423 39.161653 4.362298 41.298322
424 38.294549 5.006011 40.717959
425 39.119152 3.890522 42.179016
426 38.983747 2.803484 40.753672
427 41.510951 2.486579 41.867588
428 40.4303 3.531315 41.857583
429 37.889029 5.357117 39.40529
430 41.783238 2.95343 42.708961
431 40.532654 5.592114 40.03886
432 40.8264 4.569342 43.435652
433 40.280312 2.838324 43.147735
434 39.060688 4.168902 40.322411
435 38.826346 2.96496 41.939017
436 38.7562 5.107423 38.778657
437 40.115257 4.628349 41.15741
438 38.431733 4.608881 41.935828
439 39.411402 5.104407 40.27964
440 42.592693 2.370754 42.781567
441 41.691939 2.481884 84.169807
442 37.792882 4.547543 79.984381
443 40.563452 1.163402 82.46922
444 42.478618 1.762835 81.995805
445 39.904421 3.763883 83.102493
446 38.994524 3.277829 79.873399
447 41.870696 3.448131 84.355311
448 40.866611 2.738941 84.672555
449 41.043193 1.954521 82.848666
450 40.246106 5.941196 81.556573
451 39.116404 5.398633 81.188709
452 39.821445 5.937346 80.651229
453 39.945814 3.7178 80.436686
454 41.373587 3.360529 85.269718
455 41.006913 4.956725 80.845771
456 39.847713 1.772228 82.811342
457 38.073166 4.167149 82.758204
458 40.817289 3.880139 82.711141
459 39.670445 2.655203 82.376679
460 38.827917 5.607172 79.641853
461 41.190338 3.040786 83.509485
462 39.602491 4.765251 82.143908
463 39.161653 4.362298 81.298322
464 38.294549 5.006011 80.717959
465 39.119152 3.890522 82.179016
466 38.983747 2.803484 80.753672
467 41.510951 2.486579 81.867588
468 40.4303 3.531315 81.857583
469 37.889029 5.357117 79.40529
470 41.783238 2.95343 82.708961
471 40.532654 5.592114 80.03886
472 40.8264 4.569342 83.435652
473 40.280312 2.838324 83.147735
474 39.060688 4.168902 80.322411
475 38.826346 2.96496 81.939017
476 38.7562 5.107423 78.778657
477 40.115257 4.628349 81.15741
478 38.431733 4.608881 81.935828
479 39.411402 5.104407 80.27964
480 42.592693 2.370754 82.781567
481 41.691939 42.481884 4.169807
482 37.792882 44.547543 -0.015619
483 40.563452 41.163402 2.46922
484 42.478618 41.762835 1.995805
485 39.904421 43.763883 3.102493
486 38.994524 43.277829 -0.126601
487 41.870696 43.448131 4.355311
488 40.866611 42.738941 4.672555
489 41.043193 41.954521 2.848666
490 40.246106 45.941196 1.556573
491 39.116404 45.398633 1.188709
492 39.821445 45.937346 0.651229
493 39.945814 43.7178 0.436686
494 41.373587 43.360529 5.269718
495 41.006913 44.956725 0.845771
496 39.847713 41.772228 2.811342
497 38.073166 44.167149 2.758204
498 40.817289 43.880139 2.711141
499 39.670445 42.655203 2.376679
500 38.827917 45.607172 -0.358147
501 41.190338 43.040786 3.509485
502 39.602491 44.765251 2.143908
503 39.161653 44.362298 1.298322
504 38.294549 45.006011 0.717959
505 39.119152 43.890522 2.179016
506 38.983747 42.803484 0.753672
507 41.510951 42.486579 1.867588
508 40.4303 43.531315 1.857583
509 37.889029 45.357117 -0.59471
510 41.783238 42.95343 2.708961
511 40.532654 45.592114 0.03886
512 40.8264 44.569342 3.435652
513 40.280312 42.838324 3.147735
514 39.060688 44.168902 0.322411
515 38.826346 42.96496 1.939017
516 38.7562 45.107423 -1.221343
517 40.115257 44.628349 1.15741
518 38.431733 44.608881 1.935828
519 39.411402 45.104407 0.27964
520 42.592693 42.370754 2.781567
521 41.691939 42.481884 44.169807
522 37.792882 44.547543 39.984381
523 40.563452 41.163402 42.46922
524 42.478618 41.762835 41.995805
525 39.904421 43.763883 43.102493
526 38.994524 43.277829 39.873399
527 41.870696 43.448131 44.355311
528 40.866611 42.738941 44.672555
529 41.043193 41.954521 42.848666
530 40.246106 45.941196 41.556573
531 39.116404 45.398633 41.188709
532 39.821445 45.937346 40.651229
533 39.945814 43.7178 40.436686
534 41.373587 43.360529 45.269718
535 41.006913 44.956725 40.845771
536 39.847713 41.772228 42.811342
537 38.073166 44.167149 42.758204
538 40.817289 43.880139 42.711141
539 39.670445 42.655203 42.376679
540 38.827917 45.607172 39.641853
541 41.190338 43.040786 43.509485
542 39.602491 44.765251 42.143908
543 39.161653 44.362298 41.298322
544 38.294549 45.006011 40.717959
545 39.119152 43.890522 42.179016
546 38.983747 42.803484 40.753672
547 41.510951 42.486579 41.867588
548 40.4303 43.531315 41.857583
549 37.889029 45.357117 39.40529
550 41.783238 42.95343 42.708961
551 40.532654 45.592114 40.03886
552 40.8264 44.569342 43.435652
553 40.280312 42.838324 43.147735
554 39.060688 44.168902 40.322411
555 38.826346 42.96496 41.939017
556 38.7562 45.107423 38.778657
557 40.115257 44.628349 41.15741
558 38.431733 44.608881 41.935828
559 39.411402 45.104407 40.27964
560 42.592693 42.370754 42.781567
561 41.691939 42.481884 84.169807
562 37.792882 44.547543 79.984381
563 40.563452 41.163402 82.46922
564 42.478618 41.762835 81.995805
565 39.904421 43.763883 83.102493
566 38.994524 43.277829 79.873399
567 41.870696 43.448131 84.355311
568 40.866611 42.738941 84.672555
569 41.043193 41.954521 82.848666
570 40.246106 45.941196 81.556573
571 39.116404 45.398633 81.188709
572 39.821445 45.937346 80.651229
573 39.945814 43.7178 80.436686
574 41.373587 43.360529 85.269718
575 41.006913 44.956725 80.845771
576 39.847713 41.772228 82.811342
577 38.073166 44.167149 82.758204
578 40.817289 43.880139 82.711141
579 39.670445 42.655203 82.376679
580 38.827917 45.607172 79.641853
581 41.190338 43.040786 83.509485
582 39.602491 44.765251 82.143908
583 39.161653 44.362298 81.298322
584 38.294549 45.006011 80.717959
585 39.119152 43.890522 82.179016
586 38.983747 42.803484 80.753672
587 41.510951 42.486579 81.867588
588 40.4303 43.531315 81.857583
589 37.889029 45.357117 79.40529
590 41.783238 42.95343 82.708961
591 40.532654 45.592114 80.03886
592 40.8264 44.569342 83.435652
593 40.280312 42.838324 83.147735
594 39.060688 44.168902 80.322411
595 38.826346 42.96496 81.939017
596 38.7562 45.107423 78.778657
597 40.115257 44.628349 81.15741
598 38.431733 44.608881 81.935828
599 39.411402 45.104407 80.27964
600 42.592693 42.370754 82.781567
601 41.691939 82.481884 4.169807
602 37.792882 84.547543 -0.015619
603 40.563452 81.163402 2.46922
604 42.478618 81.762835 1.995805
605 39.904421 83.763883 3.102493
606 38.994524 83.277829 -0.126601
607 41.870696 83.448131 4.355311
608 40.866611 82.738941 4.672555
609 41.043193 81.954521 2.848666
610 40.246106 85.941196 1.556573
611 39.116404 85.398633 1.188709
612 39.821445 85.937346 0.651229
613 39.945814 83.7178 0.436686
614 41.373587 83.360529 5.269718
615 41.006913 84.956725 0.845771
616 39.847713 81.772228 2.811342
617 38.073166 84.167149 2.758204
618 40.817289 83.880139 2.711141
619 39.670445 82.655203 2.376679
620 38.827917 85.607172 -0.358147
621 41.190338 83.040786 3.509485
622 39.602491 84.765251 2.143908
623 39.161653 84.362298 1.298322
624 38.294549 85.006011 0.717959
625 39.119152 83.890522 2.179016
626 38.983747 82.803484 0.753672
627 41.510951 82.486579 1.867588
628 40.4303 83.531315 1.857583
629 37.889029 85.357117 -0.59471
630 41.783238 82.95343 2.708961
631 40.532654 85.592114 0.03886
632 40.8264 84.569342 3.435652
633 40.280312 82.838324 3.147735
634 39.060688 84.168902 0.322411
635 38.826346 82.96496 1.939017
636 38.7562 85.107423 -1.221343
637 40.115257 84.628349 1.15741
638 38.431733 84.608881 1.935828
639 39.411402 85.104407 0.27964
640 42.592693 82.370754 2.781567
641 41.691939 82.481884 44.169807
642 37.792882 84.547543 39.984381
643 40.563452 81.163402 42.46922
644 42.478618 81.762835 41.995805
645 39.904421 83.763883 43.102493
646 38.994524 83.277829 39.873399
647 41.870696 83.448131 44.355311
648 40.866611 82.738941 44.672555
649 41.043193 81.954521 42.848666
650 40.246106 85.941196 41.556573
651 39.116404 85.398633 41.188709
652 39.821445 85.937346 40.651229
653 39.945814 83.7178 40.436686
654 41.373587 83.360529 45.269718
655 41.006913 84.956725 40.845771
656 39.847713 81.772228 42.811342
657 38.073166 84.167149 42.758204
658 40.817289 83.880139 42.711141
659 39.670445 82.655203 42.376679
660 38.827917 85.607172 39.641853
661 41.190338 83.040786 43.509485
662 39.602491 84.765251 42.143908
663 39.161653 84.362298 41.298322
664 38.294549 85.006011 40.717959
665 39.119152 83.890522 42.179016
666 38.983747 82.803484 40.753672
667 41.510951 82.486579 41.867588
668 40.4303 83.531315 41.857583
669 37.889029 85.357117 39.40529
670 41.783238 82.95343 42.708961
671 40.532654 85.592114 40.03886
672 40.8264 84.569342 43.435652
673 40.280312 82.838324 43.147735
674 39.060688 84.168902 40.322411
675 38.826346 82.96496 41.939017
676 38.7562 85.107423 38.778657
677 40.115257 84.628349 41.15741
678 38.431733 84.608881 41.935828
679 39.411402 85.104407 40.27964
680 42.592693 82.370754 42.781567
681 41.691939 82.481884 84.169807
682 37.792882 84.547543 79.984381
683 40.563452 81.163402 82.46922
684 42.478618 81.762835 81.995805
685 39.904421 83.763883 83.102493
686 38.994524 83.277829 79.873399
687 41.870696 83.448131 84.355311
688 40.866611 82.738941 84.672555
689 41.043193 81.954521 82.848666
690 40.246106 85.941196 81.556573
691 39.116404 85.398633 81.188709
692 39.821445 85.937346 80.651229
693 39.945814 83.7178 80.436686
694 41.373587 83.360529 85.269718
695 41.006913 84.956725 80.845771
696 39.847713 81.772228 82.811342
697 38.073166 84.167149 82.758204
698 40.817289 83.880139 82.711141
699 39.670445 82.655203 82.376679
700 38.827917 85.607172 79.641853
701 41.190338 83.040786 83.509485
702 39.602491 84.765251 82.143908
703 39.161653 84.362298 81.298322
704 38.294549 85.006011 80.717959
705 39.119152 83.890522 82.179016
706 38.983747 82.803484 80.753672
707 41.510951 82.486579 81.867588
708 40.4303 83.531315 81.857583
709 37.889029 85.357117 79.40529
710 41.783238 82.95343 82.708961
711 40.532654 85.592114 80.03886
712 40.8264 84.569342 83.435652
713 40.280312 82.838324 83.147735
714 39.060688 84.168902 80.322411
715 38.826346 82.96496 81.939017
716 38.7562 85.107423 78.778657
717 40.115257 84.628349 81.15741
718 38.431733 84.608881 81.935828
719 39.411402 85.104407 80.27964
720 42.592693 82.370754 82.781567
721 81.691939 2.481884 4.169807
722 77.792882 4.547543 -0.015619
723 80.563452 1.163402 2.46922
724 82.478618 1.762835 1.995805
725 79.904421 3.763883 3.102493
726 78.994524 3.277829 -0.126601
727 81.870696 3.448131 4.355311
728 80.866611 2.738941 4.672555
729 81.043193 1.954521 2.848666
730 80.246106 5.941196 1.556573
731 79.116404 5.398633 1.188709
732 79.821445 5.937346 0.651229
733 79.945814 3.7178 0.436686
734 81.373587 3.360529 5.269718
735 81.006913 4.956725 0.845771
736 79.847713 1.772228 2.811342
737 78.073166 4.167149 2.758204
738 80.817289 3.880139 2.711141
739 79.670445 2.655203 2.376679
740 78.827917 5.607172 -0.358147
741 81.190338 3.040786 3.509485
742 79.602491 4.765251 2.143908
743 79.161653 4.362298 1.298322
744 78.294549 5.006011 0.717959
745 79.119152 3.890522 2.179016
746 78.983747 2.803484 0.753672
747 81.510951 2.486579 1.867588
748 80.4303 3.531315 1.857583
749 77.889029 5.357117 -0.59471
750 81.783238 2.95343 2.708961
751 80.532654 5.592114 0.03886
752 80.8264 4.569342 3.435652
753 80.280312 2.838324 3.147735
754 79.060688 4.168902 0.322411
755 78.826346 2.96496 1.939017
756 78.7562 5.107423 -1.221343
757 80.115257 4.628349 1.15741
758 78.431733 4.608881 1.935828
759 79.411402 5.104407 0.27964
760 82.592693 2.370754 2.781567
761 81.691939 2.481884 44.169807
762 77.792882 4.547543 39.984381
763 80.563452 1.163402 42.46922
764 82.478618 1.762835 41.995805
765 79.904421 3.763883 43.102493
766 78.994524 3.277829 39.873399
767 81.870696 3.448131 44.355311
768 80.866611 2.738941 44.672555
769 81.043193 1.954521 42.848666
770 80.246106 5.941196 41.556573
771 79.116404 5.398633 41.188709
772 79.821445 5.937346 40.651229
773 79.945814 3.7178 40.436686
774 81.373587 3.360529 45.269718
775 81.006913 4.956725 40.845771
776 79.847713 1.772228 42.811342
777 78.073166 4.167149 42.758204
778 80.817289 3.880139 42.711141
779 79.670445 2.655203 42.376679
780 78.827917 5.607172 39.641853
781 81.190338 3.040786 43.509485
782 79.602491 4.765251 42.143908
783 79.161653 4.362298 41.298322
784 78.294549 5.006011 40.717959
785 79.119152 3.890522 42.179016
786 78.983747 2.803484 40.753672
787 81.510951 2.486579 41.867588
788 80.4303 3.531315 41.857583
789 77.889029 5.357117 39.40529
790 81.783238 2.95343 42.708961
791 80.532654 5.592114 40.03886
792 80.8264 4.569342 43.435652
793 80.280312 2.838324 43.147735
794 79.060688 4.168902 40.322411
795 78.826346 2.96496 41.939017
796 78.7562 5.107423 38.778657
797 80.115257 4.628349 41.15741
798 78.431733 4.608881 41.935828
799 79.411402 5.104407 40.27964
800 82.592693 2.370754 42.781567
801 81.691939 2.481884 84.169807
802 77.792882 4.547543 79.984381
803 80.563452 1.163402 82.46922
804 82.478618 1.762835 81.995805
805 79.904421 3.763883 83.102493
806 78.994524 3.277829 79.873399
807 81.870696 3.448131 84.355311
808 80.866611 2.738941 84.672555
809 81.043193 1.954521 82.848666
810 80.246106 5.941196 81.556573
811 79.116404 5.398633 81.188709
812 79.821445 5.937346 80.651229
813 79.945814 3.7178 80.436686
814 81.373587 3.360529 85.269718
815 81.006913 4.956725 80.845771
816 79.847713 1.772228 82.811342
817 78.073166 4.167149 82.758204
818 80.817289 3.880139 82.711141
819 79.670445 2.655203 82.376679
820 78.827917 5.607172 79.641853
821 81.190338 3.040786 83.509485
822 79.602491 4.765251 82.143908
823 79.161653 4.362298 81.298322
824 78.294549 5.006011 80.717959
825 79.119152 3.890522 82.179016
826 78.983747 2.803484 80.753672
827 81.510951 2.486579 81.867588
828 80.4303 3.531315 81.857583
829 77.889029 5.357117 79.40529
830 81.783238 2.95343 82.708961
831 80.532654 5.592114 80.03886
832 80.8264 4.569342 83.435652
833 80.280312 2.838324 83.147735
834 79.060688 4.168902 80.322411
835 78.826346 2.96496 81.939017
836 78.7562 5.107423 78.778657
837 80.115257 4.628349 81.15741
838 78.431733 4.608881 81.935828
839 79.411402 5.104407 80.27964
840 82.592693 2.370754 82.781567
841 81.691939 42.481884 4.169807
842 77.792882 44.547543 -0.015619
843 80.563452 41.163402 2.46922
844 82.478618 41.762835 1.995805
845 79.904421 43.763883 3.102493
846 78.994524 43.277829 -0.126601
847 81.870696 43.448131 4.355311
848 80.866611 42.738941 4.672555
849 81.043193 41.954521 2.848666
850 80.246106 45.941196 1.556573
851 79.116404 45.398633 1.188709
852 79.821445 45.937346 0.651229
853 79.945814 43.7178 0.436686
854 81.373587 43.360529 5.269718
855 81.006913 44.956725 0.845771
856 79.847713 41.772228 2.811342
857 78.073166 44.167149 2.758204
858 80.817289 43.880139 2.711141
859 79.670445 42.655203 2.376679
860 78.827917 45.607172 -0.358147
861 81.190338 43.040786 3.509485
862 79.602491 44.765251 2.143908
863 79.161653 44.362298 1.298322
864 78.294549 45.006011 0.717959
865 79.119152 43.890522 2.179016
866 78.983747 42.803484 0.753672
867 81.510951 42.486579 1.867588
868 80.4303 43.531315 1.857583
869 77.889029 45.357117 -0.59471
870 81.783238 42.95343 2.708961
871 80.532654 45.592114 0.03886
872 80.8264 44.569342 3.435652
873 80.280312 42.838324 3.147735
874 79.060688 44.168902 0.322411
875 78.826346 42.96496 1.939017
876 78.7562 45.107423 -1.221343
877 80.115257 44.628349 1.15741
878 78.431733 44.608881 1.935828
879 79.411402 45.104407 0.27964
880 82.592693 42.370754 2.781567
881 81.691939 42.481884 44.169807
882 77.792882 44.547543 39.984381
883 80.563452 41.163402 42.46922
884 82.478618 41.762835 41.995805
885 79.904421 43.763883 43.102493
886 78.994524 43.277829 39.873399
887 81.870696 43.448131 44.355311
888 80.866611 42.738941 44.672555
889 81.043193 41.954521 42.848666
890 80.246106 45.941196 41.556573
891 79.116404 45.398633 41.188709
892 79.821445 45.937346 40.651229
893 79.945814 43.7178 40.436686
894 81.373587 43.360529 45.269718
895 81.006913 44.956725 40.845771
896 79.847713 41.772228 42.811342
897 78.073166 44.167149 42.758204
898 80.817289 43.880139 42.711141
899 79.670445 42.655203 42.376679
900 78.827917 45.607172 39.641853
901 81.190338 43.040786 43.509485
902 79.602491 44.765251 42.143908
903 79.161653 44.362298 41.298322
904 78.294549 45.006011 40.717959
905 79.119152 43.890522 42.179016
906 78.983747 42.803484 40.753672
907 81.510951 42.486579 41.867588
908 80.4303 43.531315 41.857583
909 77.889029 45.357117 39.40529
910 81.783238 42.95343 42.708961
911 80.532654 45.592114 40.03886
912 80.8264 44.569342 43.435652
913 80.280312 42.838324 43.147735
914 79.060688 44.168902 40.322411
915 78.826346 42.96496 41.939017
916 78.7562 45.107423 38.778657
917 80.115257 44.628349 41.15741
918 78.431733 44.608881 41.935828
919 79.411402 45.104407 40.27964
920 82.592693 42.370754 42.781567
921 81.691939 42.481884 84.169807
922 77.792882 44.547543 79.984381
923 80.563452 41.163402 82.46922
924 82.478618 41.762835 81.995805
925 79.904421 43.763883 83.102493
926 78.994524 43.277829 79.873399
927 81.870696 43.448131 84.355311
928 80.866611 42.738941 84.672555
929 81.043193 41.954521 82.848666
930 80.246106 45.941196 81.556573
931 79.116404 45.398633 81.188709
932 79.821445 45.937346 80.651229
933 79.945814 43.7178 80.436686
934 81.373587 43.360529 85.269718
935 81.006913 44.956725 80.845771
936 79.847713 41.772228 82.811342
937 78.073166 44.167149 82.758204
938 80.817289 43.880139 82.711141
939 79.670445 42.655203 82.376679
940 78.827917 45.607172 79.641853
941 81.190338 43.040786 83.509485
942 79.602491 44.765251 82.143908
943 79.161653 44.362298 81.298322
944 78.294549 45.006011 80.717959
945 79.119152 43.890522 82.179016
946 78.983747 42.803484 80.753672
947 81.510951 42.486579 81.867588
948 80.4303 43.531315 81.857583
949 77.889029 45.357117 79.40529
950 81.783238 42.95343 82.708961
951 80.532654 45.592114 80.03886
952 80.8264 44.569342 83.435652
953 80.280312 42.838324 83.147735
954 79.060688 44.168902 80.322411
955 78.826346 42.96496 81.939017
956 78.7562 45.107423 78.778657
957 80.115257 44.628349 81.15741
958 78.431733 44.608881 81.935828
959 79.411402 45.104407 80.27964
960 82.592693 42.370754 82.781567
961 81.691939 82.481884 4.169807
962 77.792882 84.547543 -0.015619
963 80.563452 81.163402 2.46922
964 82.478618 81.762835 1.995805
965 79.904421 83.763883 3.102493
966 78.994524 83.277829 -0.126601
967 81.870696 83.448131 4.355311
968 80.866611 82.738941 4.672555
969 81.043193 81.954521 2.848666
970 80.246106 85.941196 1.556573
971 79.116404 85.398633 1.188709
972 79.821445 85.937346 0.651229
973 79.945814 83.7178 0.436686
974 81.373587 83.360529 5.269718
975 81.006913 84.956725 0.845771
976 79.847713 81.772228 2.811342
977 78.073166 84.167149 2.758204
978 80.817289 83.880139 2.711141
979 79.670445 82.655203 2.376679
980 78.827917 85.607172 -0.358147
981 81.190338 83.040786 3.509485
982 79.602491 84.765251 2.143908
983 79.161653 84.362298 1.298322
984 78.294549 85.006011 0.717959
985 79.119152 83.890522 2.179016
986 78.983747 82.803484 0.753672
987 81.510951 82.486579 1.867588
988 80.4303 83.531315 1.857583
989 77.889029 85.357117 -0.59471
990 81.783238 82.95343 2.708961
991 80.532654 85.592114 0.03886
992 80.8264 84.569342 3.435652
993 80.280312 82.838324 3.147735
994 79.060688 84.168902 0.322411
995 78.826346 82.96496 1.939017
996 78.7562 85.107423 -1.221343
997 80.115257 84.628349 1.15741
998 78.431733 84.608881 1.935828
999 79.411402 85.104407 0.27964
1000 82.592693 82.370754 2.781567
1001 81.691939 82.481884 44.169807
1002 77.792882 84.547543 39.984381
1003 80.563452 81.163402 42.46922
1004 82.478618 81.762835 41.995805
1005 79.904421 83.763883 43.102493
1006 78.994524 83.277829 39.873399
1007 81.870696 83.448131 44.355311
1008 80.866611 82.738941 44.672555
1009 81.043193 81.954521 42.848666
1010 80.246106 85.941196 41.556573
1011 79.116404 85.398633 41.188709
1012 79.821445 85.937346 40.651229
1013 79.945814 83.7178 40.436686
1014 81.373587 83.360529 45.269718
1015 81.006913 84.956725 40.845771
1016 79.847713 81.772228 42.811342
1017 78.073166 84.167149 42.758204
1018 80.817289 83.880139 42.711141
1019 79.670445 82.655203 42.376679
1020 78.827917 85.607172 39.641853
1021 81.190338 83.040786 43.509485
1022 79.602491 84.765251 42.143908
1023 79.161653 84.362298 41.298322
1024 78.294549 85.006011 40.717959
1025 79.119152 83.890522 42.179016
1026 78.983747 82.803484 40.753672
1027 81.510951 82.486579 41.867588
1028 80.4303 83.531315 41.857583
1029 77.889029 85.357117 39.40529
1030 81.783238 82.95343 42.708961
1031 80.532654 85.592114 40.03886
1032 80.8264 84.569342 43.435652
1033 80.280312 82.838324 43.147735
1034 79.060688 84.168902 40.322411
1035 78.826346 82.96496 41.939017
1036 78.7562 85.107423 38.778657
1037 80.115257 84.628349 41.15741
1038 78.431733 84.608881 41.935828
1039 79.411402 85.104407 40.27964
1040 82.592693 82.370754 42.781567
1041 81.691939 82.481884 84.169807
1042 77.792882 84.547543 79.984381
1043 80.563452 81.163402 82.46922
1044 82.478618 81.762835 81.995805
1045 79.904421 83.763883 83.102493
1046 78.994524 83.277829 79.873399
1047 81.870696 83.448131 84.355311
1048 80.866611 82.738941 84.672555
1049 81.043193 81.954521 82.848666
1050 80.246106 85.941196 81.556573
1051 79.116404 85.398633 81.188709
1052 79.821445 85.937346 80.651229
1053 79.945814 83.7178 80.436686
1054 81.373587 83.360529 85.269718
1055 81.006913 84.956725 80.845771
1056 79.847713 81.772228 82.811342
1057 78.073166 84.167149 82.758204
1058 80.817289 83.880139 82.711141
1059 79.670445 82.655203 82.376679
1060 78.827917 85.607172 79.641853
1061 81.190338 83.040786 83.509485
1062 79.602491 84.765251 82.143908
1063 79.161653 84.362298 81.298322
1064 78.294549 85.006011 80.717959
1065 79.119152 83.890522 82.179016
1066 78.983747 82.803484 80.753672
1067 81.510951 82.486579 81.867588
1068 80.4303 83.531315 81.857583
1069 77.889029 85.357117 79.40529
1070 81.783238 82.95343 82.708961
1071 80.532654 85.592114 80.03886
1072 80.8264 84.569342 83.435652
1073 80.280312 82.838324 83.147735
1074 79.060688 84.168902 80.322411
1075 78.826346 82.96496 81.939017
1076 78.7562 85.107423 78.778657
1077 80.115257 84.628349 81.15741
1078 78.431733 84.608881 81.935828
1079 79.411402 85.104407 80.27964
1080 82.592693 82.370754 82.781567
