1 1.5 1.5 0.5
2 2.5 9.5 0.5
3 7.5 0.5 1.5
4 0.5 6.5 9.5
5 5.5 6.5 0.5
6 4.5 6.5 8.5
7 7.5 0.5 6.5
8 8.5 9.5 6.5
9 1.5 6.5 4.5
10 9.5 2.5 6.5
11 7.5 9.5 5.5
12 3.5 2.5 2.5
13 3.5 6.5 1.5
14 0.5 0.5 2.5
15 5.5 6.5 7.5
16 7.5 9.5 2.5
17 6.5 0.5 2.5
18 9.5 2.5 9.5
19 6.5 4.5 3.5
20 7.5 2.5 0.5
21 5.5 8.5 9.5
22 8.5 2.5 6.5
23 4.5 2.5 0.5
24 5.5 7.5 8.5
25 3.5 6.5 3.5
26 1.5 9.5 2.5
27 5.5 5.5 1.5
28 8.5 5.5 2.5
29 9.5 7.5 1.5
30 9.5 2.5 3.5
31 3.5 5.5 2.5
32 9.5 1.5 2.5
33 5.5 4.5 3.5
34 5.5 8.5 5.5
35 3.5 9.5 6.5
36 1.5 1.5 4.5
37 6.5 3.5 9.5
38 7.5 1.5 5.5
39 2.5 0.5 1.5
40 2.5 8.5 0.5
41 0.5 6.5 6.5
42 6.5 7.5 2.5
43 9.5 3.5 2.5
44 9.5 5.5 1.5
45 8.5 7.5 9.5
46 1.5 7.5 6.5
47 1.5 0.5 6.5
48 7.5 9.5 8.5
49 8.5 8.5 2.5
50 2.5 7.5 0.5
51 7.5 2.5 3.5
52 1.5 6.5 5.5
53 7.5 5.5 0.5
54 0.5 4.5 3.5
55 3.5 9.5 1.5
56 2.5 0.5 2.5
57 0.5 4.5 9.5
58 1.5 0.5 5.5
59 9.5 1.5 0.5
60 3.5 1.5 8.5
61 3.5 8.5 7.5
62 3.5 8.5 9.5
63 1.5 4.5 1.5
64 4.5 0.5 8.5
65 4.5 8.5 6.5
66 7.5 4.5 0.5
67 7.5 1.5 7.5
68 0.5 3.5 3.5
69 5.5 5.5 7.5
70 7.5 0.5 2.5
71 0.5 2.5 5.5
72 7.5 8.5 1.5
73 7.5 1.5 0.5
74 9.5 6.5 5.5
75 0.5 8.5 2.5
76 4.5 3.5 4.5
77 5.5 4.5 2.5
78 7.5 0.5 8.5
79 2.5 5.5 5.5
80 2.5 8.5 7.5
81 9.5 3.5 3.5
82 5.5 7.5 1.5
83 6.5 1.5 3.5
84 0.5 1.5 9.5
85 9.5 6.5 2.5
86 0.5 4.5 4.5
87 6.5 9.5 8.5
88 1.5 3.5 1.5
89 8.5 7.5 3.5
90 4.5 4.5 8.5
91 2.5 3.5 8.5
92 2.5 6.5 4.5
93 9.5 2.5 2.5
94 5.5 9.5 9.5
95 1.5 5.5 7.5
96 5.5 5.5 5.5
97 7.5 4.5 9.5
98 9.5 3.5 8.5
99 7.5 8.5 9.5
100 9.5 0.5 8.5
101 5.5 3.5 6.5
102 6.5 1.5 9.5
103 1.5 8.5 0.5
104 6.5 5.5 4.5
105 3.5 3.5 9.5
106 4.5 9.5 2.5
107 3.5 9.5 5.5
108 4.5 9.5 1.5
109 6.5 3.5 8.5
110 8.5 3.5 9.5
111 0.5 9.5 2.5
112 0.5 4.5 8.5
113 0.5 6.5 1.5
114 5.5 0.5 6.5
115 1.5 9.5 0.5
116 0.5 6.5 7.5
117 4.5 8.5 4.5
118 6.5 8.5 7.5
119 5.5 9.5 0.5
120 8.5 5.5 1.5
121 6.5 9.5 6.5
122 5.5 4.5 4.5
123 0.5 7.5 4.5
124 7.5 9.5 9.5
125 5.5 6.5 1.5
126 7.5 2.5 1.5
127 4.5 8.5 0.5
128 6.5 1.5 2.5
129 4.5 1.5 9.5
130 3.5 0.5 9.5
131 3.5 0.5 1.5
132 7.5 8.5 2.5
133 8.5 7.5 8.5
134 4.5 9.5 6.5
135 1.5 8.5 7.5
136 0.5 5.5 0.5
137 3.5 6.5 8.5
138 8.5 0.5 8.5
139 2.5 4.5 4.5
140 6.5 2.5 3.5
141 7.5 6.5 5.5
142 4.5 5.5 7.5
143 6.5 8.5 4.5
144 7.5 6.5 9.5
145 4.5 0.5 1.5
146 4.5 9.5 4.5
147 9.5 4.5 8.5
148 2.5 3.5 6.5
149 7.5 3.5 2.5
150 9.5 9.5 5.5
151 8.5 5.5 9.5
152 8.5 0.5 9.5
153 2.5 6.5 6.5
154 5.5 3.5 2.5
155 2.5 1.5 0.5
156 1.5 6.5 1.5
157 1.5 5.5 6.5
158 8.5 2.5 2.5
159 7.5 0.5 3.5
160 0.5 7.5 8.5
161 0.5 8.5 5.5
162 1.5 3.5 5.5
163 6.5 3.5 1.5
164 3.5 5.5 6.5
165 3.5 9.5 7.5
166 7.5 4.5 5.5
167 2.5 7.5 6.5
168 7.5 7.5 0.5
169 4.5 1.5 4.5
170 9.5 7.5 2.5
171 0.5 2.5 2.5
172 0.5 2.5 9.5
173 9.5 1.5 9.5
174 8.5 6.5 8.5
175 2.5 5.5 0.5
176 7.5 6.5 2.5
177 3.5 2.5 0.5
178 5.5 5.5 3.5
179 1.5 9.5 5.5
180 3.5 8.5 2.5
181 5.5 2.5 0.5
182 6.5 9.5 7.5
183 3.5 4.5 6.5
184 7.5 5.5 2.5
185 2.5 1.5 7.5
186 3.5 3.5 5.5
187 1.5 2.5 1.5
188 9.5 4.5 5.5
189 2.5 7.5 8.5
190 2.5 7.5 2.5
191 6.5 6.5 4.5
192 4.5 6.5 3.5
193 9.5 4.5 6.5
194 4.5 3.5 2.5
195 8.5 9.5 7.5
196 2.5 0.5 8.5
197 0.5 7.5 0.5
198 7.5 0.5 4.5
199 6.5 6.5 5.5
200 7.5 7.5 8.5
201 9.5 0.5 1.5
202 0.5 0.5 9.5
203 0.5 6.5 0.5
204 9.5 6.5 8.5
205 4.5 3.5 0.5
206 8.5 1.5 7.5
207 7.5 3.5 8.5
208 4.5 6.5 5.5
209 8.5 2.5 9.5
210 9.5 8.5 0.5
211 5.5 2.5 5.5
212 0.5 2.5 6.5
213 4.5 6.5 1.5
214 2.5 7.5 9.5
215 8.5 4.5 2.5
216 4.5 7.5 8.5
217 4.5 0.5 3.5
218 0.5 4.5 5.5
219 3.5 5.5 9.5
220 3.5 2.5 7.5
221 3.5 9.5 3.5
222 8.5 7.5 6.5
223 9.5 8.5 8.5
224 0.5 8.5 3.5
225 1.5 6.5 0.5
226 1.5 9.5 8.5
227 1.5 0.5 3.5
228 5.5 9.5 3.5
229 0.5 7.5 6.5
230 6.5 0.5 6.5
231 5.5 0.5 2.5
232 2.5 9.5 1.5
233 2.5 1.5 5.5
234 9.5 5.5 6.5
235 8.5 6.5 2.5
236 6.5 6.5 7.5
237 6.5 5.5 1.5
238 4.5 7.5 7.5
239 2.5 2.5 2.5
240 7.5 6.5 4.5
241 4.5 5.5 1.5
242 2.5 1.5 4.5
243 7.5 0.5 7.5
244 4.5 6.5 4.5
245 5.5 1.5 1.5
246 0.5 4.5 7.5
247 3.5 4.5 7.5
248 7.5 5.5 7.5
249 1.5 4.5 8.5
250 5.5 8.5 1.5
251 9.5 3.5 0.5
252 8.5 9.5 5.5
253 7.5 5.5 9.5
254 8.5 5.5 7.5
255 3.5 1.5 2.5
256 2.5 9.5 2.5
257 0.5 3.5 5.5
258 5.5 0.5 7.5
259 0.5 5.5 8.5
260 3.5 5.5 3.5
261 6.5 1.5 5.5
262 0.5 9.5 1.5
263 8.5 8.5 6.5
264 3.5 3.5 0.5
265 4.5 7.5 3.5
266 6.5 7.5 7.5
267 1.5 3.5 4.5
268 3.5 1.5 5.5
269 9.5 5.5 8.5
270 9.5 4.5 9.5
271 8.5 5.5 6.5
272 0.5 9.5 5.5
273 3.5 7.5 0.5
274 0.5 1.5 3.5
275 7.5 5.5 6.5
276 7.5 2.5 7.5
277 3.5 1.5 3.5
278 3.5 0.5 7.5
279 2.5 3.5 9.5
280 2.5 5.5 8.5
281 8.5 7.5 7.5
282 0.5 5.5 6.5
283 9.5 2.5 1.5
284 9.5 3.5 7.5
285 3.5 1.5 7.5
286 4.5 9.5 7.5
287 8.5 0.5 2.5
288 1.5 1.5 7.5
289 0.5 6.5 8.5
290 9.5 9.5 8.5
291 0.5 5.5 1.5
292 1.5 0.5 7.5
293 9.5 1.5 7.5
294 3.5 4.5 8.5
295 5.5 4.5 0.5
296 7.5 4.5 7.5
297 0.5 8.5 9.5
298 8.5 6.5 6.5
299 9.5 8.5 4.5
300 1.5 8.5 9.5
301 3.5 3.5 3.5
302 5.5 1.5 6.5
303 5.5 9.5 6.5
304 8.5 7.5 5.5
305 6.5 4.5 6.5
306 2.5 4.5 6.5
307 1.5 5.5 2.5
308 1.5 7.5 3.5
309 4.5 3.5 8.5
310 9.5 0.5 3.5
311 0.5 1.5 5.5
312 5.5 1.5 3.5
313 5.5 8.5 6.5
314 6.5 5.5 6.5
315 8.5 4.5 7.5
316 5.5 4.5 1.5
317 9.5 0.5 4.5
318 2.5 9.5 9.5
319 5.5 1.5 5.5
320 7.5 7.5 9.5
