0.279972
0.292407
0.190238
0.436777
0.146234
0.621657
0.699673
0.179911
0.296723
0.448798
0.314479
0.600653
0.353236
0.443376
0.270278
0.418326
0.520553
0.328095
0.746425
0.414214
0.526538
0.10437
0.145869
0.321425
0.354006
0.359369
0.299038
0.108369
0.163153
0.280191
0.280387
0.663424
0.414214
0.765601
0.133583
0.743575
0.380411
0.127865
0.3844
0.658312
0.384235
0.0347877
0.354006
0.658312
0.197741
0.658312
0.765601
0.699673
0.658312
0.474587
0.436092
0.397542
0.355068
0.529937
0.172112
0.240286
0.30767
0.414214
0.160657
0.15225
0.281031
0.414214
0.263089
0.342144
0.746425
0.190238
0.256567
0.102412
0.537224
0.414214
0.318544
0.431027
0.220538
0.545603
0.658312
0.658312
0.742733
0.250605
0.388164
0.2137
0.274755
0.68457
0.241602
0.530306
0.724248
0.658312
0.169184
0.635079
0.190238
0.765601
0.280191
0.227486
0.658312
0.284261
0.530544
0.341596
0.66988
0.194803
0.134032
0.322867
0.505758
0.136728
0.30767
0.30767
0.383177
0.288411
0.710367
0.164304
0.159809
0.658312
0.308172
0.224745
0.657582
0.658312
0.658312
0.746425
0.523119
0.618435
0.397542
0.200593
0.337909
0.245963
0.658405
0.00332582
0.274755
0.242675
0.280191
0.274755
0.229379
0.123246
0.180412
0.307621
0.639091
0.149055
0.584298
0.658312
0.631094
0.271623
0.189182
0.204011
0.414214
0.356585
0.260373
0.753921
0.443376
0.151708
0.30767
0.351046
0.701386
0.5
0.658312
0.354006
0.299766
0.554317
0.414214
0.621815
0.658312
0.593724
0.255854
0.500006
0.133027
0.30022
0.189038
0.765601
0.163805
0.702887
0.71866
0.30767
0.152281
0.369868
0.299038
0.699673
0.397542
0.0858581
0.658312
0.767767
0.658312
0.30767
0.707719
0.128928
0.443376
0.102843
0.362733
0.364055
0.658312
0.342057
0.325013
0.240214
0.161887
0.357002
0.404546
0.658312
0.285009
0.25193
0.443376
0.354006
0.22731
0.613585
0.0853911
0.391821
0.737005
0.539421
0.276245
0.423844
0.259068
0.185833
0.397542
0.443376
0.195317
0.658312
0.561241
0.249529
0.658312
0.339424
0.315055
0.0256882
0.213437
0.0336286
0.691113
0.658312
0.284111
0.353823
0.610216
0.313267
0.499551
0.0906949
0.294234
0.0594744
0.471718
0.226879
0.746425
0.767767
0.658312
0.264555
0.658312
0.400627
0.46342
0.190238
0.765601
0.197019
0.699839
0.129816
0.414214
0.209719
0.537598
0.375811
0.168991
0.353771
0.236506
0.658312
0.25182
0.254258
0.260296
0.251758
0.658312
0.393869
0.739563
0.0659086
0.102003
0.360696
0.0373764
0.6518
0.417787
0.711688
0.665421
0.767767
0.658312
0.239616
0.258954
0.746425
0.746425
0.414224
0.658312
0.428756
0.746425
0.233808
0.443376
0.280191
0.337909
0.60518
0.746425
0.658312
0.274755
0.283431
0.190238
0.274755
0.201334
0.185667
0.176895
0.289288
0.12208
0.328686
0.334562
0.42855
0.532664
0.0301695
0.489013
0.414214
0.311895
0.643221
0.763393
0.453409
0.283915
0.294966
0.443376
0.767767
0.301034
0.301747
0.47372
0.767767
0.658312
0.658312
0.767767
0.408
0.746425
0.346291
0.259573
0.531335
0.382802
0.603623
0.167226
0.471233
0.658312
0.397542
0.274755
0.13923
0.495338
0.275052
0.428415
0.511101
0.350279
0.765601
0.190238
0.346119
0.658312
0.215427
0.285934
0.19417
0.391324
0.30767
0.187674
0.138099
0.323647
0.687642
0.658312
0.118511
0.130223
0.0859834
0.287958
0.658312
0.5
0.130978
0.123517
0.152507
0.640773
0.482897
0.387919
0.630836
0.346291
0.1472
0.621297
0.297286
0.658312
0.658312
0.502307
0.346291
0.699673
0.473376
0.159148
0.298502
0.301817
0.658312
0.504667
0.276036
0.145866
0.375811
0.658312
0.658312
0.646213
0.552507
0.499825
0.746425
0.346291
0.227405
0.19209
0.336446
0.139979
0.351417
0.274755
0.206203
0.698649
0.321184
0.354313
0.156518
0.196661
0.310801
0.658312
0.702076
0.299975
0.281096
0.430668
0.374369
0.260501
0.497538
0.52555
0.658312
0.327437
0.658312
0.165268
0.161857
0.682859
0.537609
0.282393
0.346291
0.368757
0.746425
0.765601
0.0988255
0.765601
0.294581
0.746425
0.49784
0.5
0.553823
0.579381
0.361178
0.658312
0.195505
0.243114
0.443376
0.712551
0.1195
0.430397
0.534619
0.375811
0.274755
0.261826
0.272145
0.524145
0.129692
0.732032
0.714541
0.341265
0.072318
0.658312
0.089434
0.274755
0.646599
0.280191
0.658312
0.0269593
0.111976
0.191487
0.653072
0.405425
0.609488
0.133913
0.504071
0.5
0.653173
0.308036
0.485058
0.414214
0.0924964
0.293085
0.413582
0.280227
0.129556
0.420598
0.250982
0.246442
0.277937
0.149348
0.172216
0.746425
0.658312
0.190238
0.280191
0.274755
0.7547
0.29141
0.0793597
0.14658
0.493954
0.300276
0.251122
0.25
0.273969
0.254256
0.448279
0.658312
0.161861
0.658312
0.685401
0.516495
0.277295
0.18961
0.307244
0.379536
0.308283
0.658312
0.152263
0.262898
0.096766
0.132815
0.1805
0.387042
0.147381
0.24224
0.658312
0.154593
0.325789
0.658312
0.146784
0.584298
0.658312
0.280191
0.683175
0.466251
0.289386
0.12561
0.557777
0.617622
0.397542
0.307539
0.241592
0.291426
0.354006
0.215808
0.151489
0.426621
0.590197
0.0250624
0.583537
0.397542
0.746425
0.439805
0.5
0.263776
0.188672
0.658312
0.322177
0.56018
0.225077
0.559208
0.414214
0.345912
0.414214
0.358712
0.485721
0.189489
0.287083
0.125493
0.658312
0.104076
0.606637
0.179595
0.232929
0.192805
0.375811
0.658312
0.679542
0.240668
0.253698
0.421553
0.282862
0.280191
0.658312
0.339773
0.308879
0.22286
0.240917
0.570494
0.076015
0.30767
0.127073
0.0359374
0.337909
0.548171
0.273957
0.0951449
0.696304
0.220869
0.658312
0.599739
0.375811
0.0389618
0.190238
0.246475
0.205769
0.337909
0.217674
0.177889
0.31017
0.25064
0.337909
0.724013
0.100356
0.658312
0.280191
0.38588
0.311738
0.138107
0.256907
0.746425
0.443376
0.190238
0.28674
0.343809
0.120219
0.209491
0.746425
0.504625
0.606975
0.0728328
0.372393
0.414214
0.190238
0.5
0.767767
0.414214
0.364819
0.435648
0.58139
0.183815
0.350622
0.24496
0.38062
0.158826
0.658312
0.450269
0.240737
0.251517
0.282227
0.210945
0.059903
0.72611
0.526635
0.28082
0.280191
0.299038
0.529163
0.131785
0.228906
0.292005
0.602278
0.657028
0.593214
0.160334
0.224745
0.354006
0.614426
0.658312
0.306118
0.159194
0.211757
0.326594
0.765601
0.765601
0.397093
0.109828
0.04865
0.190238
0.405867
0.27502
0.658312
0.658312
0.242919
0.106381
0.658312
0.184112
0.161212
0.47851
0.346291
0.296752
0.330634
0.0860428
0.435449
0.414214
0.450785
0.658312
0.180276
0.38991
0.307648
0.348316
0.332365
0.354006
0.142402
0.337909
0.269319
0.765601
0.129421
0.337909
0.204592
0.45175
0.15916
0.460416
0.200965
0.318414
0.173451
0.226406
0.308192
0.381399
0.248765
0.443376
0.0825248
0.762285
0.223925
0.133801
0.0839284
0.233709
0.154085
0.250512
0.463812
0.658312
0.414214
0.274755
0.457738
0.436059
0.310179
0.162649
0.318465
0.699673
0.345228
0.169901
0.513049
0.202704
0.148735
0.658312
0.337909
0.0244423
0.337909
0.500403
0.137697
0.217178
0.110289
0.445233
0.441823
0.658312
0.519969
0.422236
0.0837559
0.746425
0.0379438
0.658312
0.272952
0.1436
0.301724
0.337909
0.658312
0.346291
0.658312
0.225066
0.545603
0.501501
0.109981
0.0684011
0.23336
0.570306
0.250833
0.212136
0.171137
0.110604
0.344224
0.69177
0.443376
0.492531
0.0407193
0.365967
0.245138
0.375811
0.124275
0.658312
0.120991
0.658312
0.346291
0.452814
0.354006
0.323947
0.186167
0.6735
0.279747
0.414214
0.280191
0.139387
0.164752
0.744203
0.612748
0.126891
0.158337
0.346291
0.337909
0.276502
0.267934
0.0254037
0.546847
0.765601
0.251468
0.637503
0.321204
0.294351
0.0856648
0.118034
0.12397
0.746425
0.236167
0.118589
0.501825
0.705931
0.374679
0.230884
0.549288
0.105021
0.29078
0.380347
0.280191
0.252308
0.746425
0.209573
0.375811
0.240872
0.322892
0.310104
0.0762819
0.117828
0.398843
0.187445
0.150502
0.36289
0.658312
0.375811
0.659731
0.741049
0.6618
0.135598
0.139432
0.303329
0.459993
0.346291
0.765601
0.500119
0.357854
0.575867
0.5
0.337909
0.658312
0.0553853
0.419418
0.243287
0.658312
0.276386
0.296527
0.196383
0.380347
0.274491
0.767767
0.405678
0.726236
0.190238
0.430511
0.574055
0.59517
0.746425
0.313954
0.195537
0.352221
0.383527
0.165104
0.658312
0.283487
0.372558
0.465052
0.41717
0.658312
0.223687
0.658312
0.512484
0.658312
0.337909
0.293158
0.212179
0.740948
0.658312
0.311847
0.190238
0.523725
0.658312
0.658312
0.280243
0.658312
0.0358759
0.311043
0.141311
0.276359
0.250487
0.26972
0.313993
0.447295
0.500735
0.714133
0.30816
0.325778
0.71052
0.658312
0.419805
0.236066
0.263158
0.481512
0.280934
0.190238
0.280191
0.226121
0.658312
0.235823
0.421674
0.372861
0.314654
0.412202
0.406607
0.658312
0.242882
0.337909
0.466578
0.187832
0.151076
0.337909
0.30767
0.502974
0.237884
0.658312
0.219443
0.324583
0.143008
0.165234
0.337909
0.458171
0.469988
0.194479
0.284533
0.128578
0.241764
0.196365
0.0640702
0.299038
0.133233
0.391065
0.258735
0.375811
0.274755
0.181662
0.58301
0.0423118
0.346291
0.29052
0.337909
0.323998
0.507782
0.24335
0.767767
0.414214
0.250835
0.545603
0.269765
0.374369
0.0726895
0.746425
0.25689
0.514448
0.375811
0.658312
0.584298
0.375811
0.460574
0.267999
0.328077
0.732935
0.337909
0.413637
0.746425
0.211031
0.346291
0.658312
0.35768
0.0398918
0.163626
0.628492
0.658312
0.485643
0.524024
0.658312
0.658312
0.314599
0.361649
0.204666
0.0314391
0.122866
0.193379
0.284179
0.660086
0.658312
0.226085
0.670555
0.236921
0.264897
0.767767
0.414214
0.346511
0.658312
0.274755
0.658312
0.699673
0.0662387
0.470436
0.269974
0.658312
0.504598
0.273228
0.399015
0.280984
0.652842
0.19057
0.658312
0.532556
0.66741
0.677581
0.334528
0.527432
0.354006
0.251876
0.174903
0.346291
0.124009
0.13222
0.34371
0.658312
0.265589
0.252214
0.203984
0.658312
0.125953
0.248539
0.446056
0.623272
0.0987359
0.247331
0.346291
0.767767
0.302036
0.658312
0.266811
0.319549
0.5
0.35249
0.699673
0.280191
0.274755
0.313546
0.546567
0.636433
0.667513
0.611735
0.120798
0.274755
0.658312
0.346291
0.375811
0.658312
0.375811
0.602682
0.658312
0.30767
0.674562
0.203205
0.558603
0.288512
0.430964
0.190238
0.325963
0.245637
0.289404
0.301908
0.236036
0.274834
0.337909
0.325784
0.242635
0.353403
0.346291
0.317968
0.658312
0.476388
0.484746
0.0683998
0.389045
0.658312
0.243787
0.241102
0.150704
0.658312
0.617912
0.658312
0.375811
0.52222
0.30307
0.371957
0.443376
0.375811
0.414214
0.443376
0.300555
0.292808
0.397542
0.135741
0.0648996
0.476097
0.27898
0.713663
0.658312
0.274755
0.356856
0.0406814
0.414236
0.346167
0.375811
0.699673
0.228285
0.658312
0.319939
0.373586
0.354315
0.742793
0.200515
0.296868
0.658312
0.70749
0.249459
0.637406
0.389208
0.30767
0.699673
0.414214
0.190238
0.658312
0.746425
0.342436
0.397542
0.455597
0.30767
0.19989
0.443376
0.0866744
0.313155
0.18865
0.172391
0.180358
0.382925
0.152446
0.19899
0.40329
0.188799
0.501529
0.530306
0.66402
0.169921
0.443376
0.273979
0.215973
0.268769
0.262467
0.658312
0.229952
0.29251
0.218244
0.354006
0.233242
0.238405
0.446185
0.265298
0.158375
0.283271
0.389096
0.337657
0.658312
0.658312
0.658312
0.711878
0.393434
0.258695
0.0667213
0.280191
0.274755
0.482762
0.274755
0.767767
0.326368
0.184254
0.467835
0.274755
0.354006
0.662315
0.202608
0.180949
0.30463
0.397542
0.354006
0.500327
0.299038
0.280191
0.658312
0.322378
0.192459
0.177595
0.300558
0.443376
0.658656
0.746425
0.593086
0.346291
0.317638
0.149448
0.375811
0.521613
0.314981
0.170538
0.30767
0.0488276
0.298225
0.352318
0.4464
0.317085
0.505019
0.72462
0.591058
0.414214
0.0815228
0.136464
0.308008
0.163523
0.443376
0.601417
0.232459
0.699673
0.30767
0.658312
0.414214
0.297639
0.739395
0.446289
0.346463
0.299046
0.169053
0.153418
0.30767
0.765601
0.25
0.32433
0.658312
0.658312
0.0986446
0.321288
0.147805
0.42825
0.372914
0.337909
0.397542
0.119242
0.111354
0.586874
0.44343
0.110941
0.190238
0.18671
0.457738
0.190238
0.354006
0.550743
0.746425
0.742901
0.624564
0.767767
0.189138
0.173747
0.140676
0.280191
0.160523
0.209792
0.746425
0.190238
0.277661
0.228436
0.372014
0.191032
0.658312
0.236147
0.354006
0.632495
0.0446432
0.353822
0.186656
0.232905
0.156945
0.243675
0.443376
0.298244
0.746425
0.283041
0.658312
0.330113
0.312284
0.292127
0.352459
0.288891
0.500146
0.374369
0.296911
0.264656
0.310628
0.246628
0.10073
0.280191
0.34371
0.705631
0.615965
0.124303
0.166716
0.658312
0.658312
0.414214
0.469061
0.186031
0.397542
0.274418
0.0726596
0.438562
0.29188
0.337909
0.281043
0.746425
0.658312
0.391217
0.182744
0.658312
0.01154
0.518895
0.297115
0.658312
0.375811
0.156879
0.658341
0.767767
0.699673
0.658312
0.658312
0.337909
0.671079
0.5
0.196061
0.32082
0.444882
0.265298
0.341579
0.364614
0.346291
0.658312
0.353937
0.278013
0.658312
0.186092
0.425325
0.551068
0.414214
0.274589
0.182949
0.199461
0.225939
0.232628
0.482819
0.119466
0.414214
0.30767
0.566348
0.414214
0.280191
0.31381
0.659275
0.545603
0.658312
0.38467
0.354006
0.504096
0.198833
0.389633
0.346291
0.29032
0.667684
0.319307
0.286133
0.163635
0.694548
0.252768
0.188011
0.767767
0.658312
0.659246
0.299038
0.121297
0.164746
0.658312
0.746425
0.350507
0.705231
0.767767
0.351578
0.135442
0.658312
0.175463
0.532225
0.274755
0.291065
0.295414
0.301369
0.470046
0.414214
0.403676
0.0227611
0.34371
0.18273
0.132134
0.337469
0.43244
0.323029
0.665243
0.181338
0.22264
0.687854
0.382026
0.388722
0.301303
0.253284
0.767767
0.658312
0.658312
0.395653
0.280191
0.443376
0.276553
0.344106
0.526163
0.224745
0.43736
0.658312
0.0418707
0.525819
0.282191
0.658312
0.265226
0.190238
0.648105
0.224745
0.141064
0.241103
0.514202
0.658312
0.135828
0.478549
0.250586
0.27228
0.414214
0.1288
0.122448
0.699673
0.658312
0.346291
0.443376
0.674979
0.175827
0.44558
0.20333
0.189674
0.699673
0.207211
0.211161
0.264645
0.270536
0.150514
0.5
0.274755
0.159938
0.746425
0.346969
0.32186
0.169673
0.274755
0.354006
0.224745
0.443376
0.0711769
0.501645
0.251197
0.366434
0.37551
0.765601
0.658312
0.232204
0.337909
0.658312
0.658312
0.552531
0.337909
0.767767
0.148351
0.2741
0.268405
0.210003
0.354006
0.228507
0.295947
0.505075
0.287212
0.25
0.139303
0.0526927
0.658312
0.136894
0.168582
0.18474
0.108721
0.192656
0.64122
0.317185
0.658312
0.224745
0.191373
0.131774
0.443732
0.260196
0.295274
0.0506494
0.557564
0.199566
0.376978
0.120576
0.395855
0.190238
0.31324
0.150632
0.658312
0.299038
0.415697
0.5
0.274755
0.280191
0.228904
0.176541
0.699673
0.307286
0.178097
0.21099
0.280191
0.397542
0.633332
0.351287
0.444939
0.20649
0.260841
0.276961
0.403916
0.530306
0.537171
0.164299
0.658312
0.658312
0.500037
0.107548
0.457738
0.554458
0.182012
0.426849
0.570992
0.187693
0.356153
0.337909
0.190238
0.521817
0.301692
0.65853
0.27305
0.280191
0.225457
0.446889
0.658312
0.658312
0.565807
0.274755
0.65769
0.348538
0.190238
0.337909
0.703417
0.580683
0.190238
0.261746
0.272762
0.164967
0.44305
0.746425
0.171399
0.530306
0.133203
0.274755
0.658312
0.179146
0.658312
0.362609
0.274755
0.280055
0.733546
0.513142
0.584298
0.256805
0.658312
0.742562
0.129522
0.274755
0.187133
0.280262
0.658312
0.274755
0.375811
0.3158
0.344011
0.212145
0.658312
0.536432
0.676641
0.240614
0.144138
0.451959
0.290305
0.482514
0.28679
0.251852
0.291093
0.289221
0.274755
0.197547
0.29274
0.658312
0.346365
0.357849
0.313226
0.518757
0.128836
0.272795
0.240403
0.224745
0.150528
0.375811
0.252921
0.149888
0.530306
0.190799
0.274369
0.465758
0.0852723
0.274755
0.17095
0.13287
0.37937
0.60202
0.590228
0.318091
0.437128
0.447582
0.288699
0.658312
0.22658
0.30669
0.284934
0.409332
0.126755
0.346645
0.240493
0.641466
0.658312
0.658312
0.0487738
0.286189
0.17728
0.131397
0.658312
0.743595
0.191187
0.453844
0.626965
0.346291
0.223189
0.274904
0.414214
0.396171
0.305725
0.746425
0.130906
0.545603
0.746425
0.176148
0.588472
0.294065
0.224745
0.526149
0.732463
0.443376
0.220535
0.128309
0.230079
0.190238
0.350967
0.530306
0.443377
0.185808
0.324397
0.47085
0.658312
0.150911
0.274755
0.741748
0.234068
0.153356
0.335488
0.00751809
0.155406
0.408757
0.591314
0.620604
0.134626
0.658312
0.658312
0.765601
0.236216
0.346265
0.572038
0.270188
0.346291
0.262761
0.658312
0.414214
0.253384
0.297699
0.369276
0.2267
0.278782
0.414994
0.326573
0.159008
0.190704
0.0317548
0.337909
0.284316
0.658312
0.354006
0.318652
0.12793
0.386689
0.346291
0.366344
0.0347371
0.210058
0.673185
0.736711
0.425734
0.219398
0.658312
0.746425
0.239622
0.337909
0.745411
0.414214
0.699673
0.274755
0.0192562
0.414214
0.496012
0.254921
0.255854
0.330523
0.195146
0.163493
0.274755
0.633176
0.414214
0.246505
0.715514
0.545603
0.226868
0.711814
0.308083
0.457029
0.280191
0.337909
0.0753094
0.313611
0.295324
0.29845
0.765601
0.658312
0.749005
0.657095
0.443376
0.34403
0.233109
0.171396
0.346291
0.255072
0.280997
0.354729
0.397542
0.315918
0.346291
0.699673
0.658312
0.0432173
0.658312
0.323371
0.299038
0.246004
0.337909
0.354716
0.0845399
0.746425
0.501255
0.274692
0.184899
0.658541
0.267347
0.167097
0.347589
0.397542
0.414214
0.23489
0.564533
0.532145
0.658312
0.059671
0.584298
0.376911
0.305018
0.395246
0.469923
0.236387
0.658312
0.103602
0.368844
0.658312
0.276665
0.136212
0.161563
0.588976
0.543419
0.285314
0.337909
0.658861
0.658312
0.15882
0.658312
0.541093
0.765601
0.348143
0.34371
0.0774821
0.765601
0.257153
0.354006
0.212482
0.231576
0.280191
0.332067
0.0413371
0.270637
0.314712
0.250126
0.435519
0.144864
0.659051
0.732435
0.414214
0.442092
0.23007
0.138686
0.375811
0.344023
0.657409
0.232216
0.190764
0.192132
0.447955
0.190238
0.197038
0.230814
0.658312
0.67839
0.699673
0.259448
0.505966
0.320714
0.364054
0.658312
0.203777
0.530975
0.224745
0.297147
0.190238
0.658312
0.106054
0.658312
0.572617
0.658312
0.144154
0.5
0.0639348
0.311319
0.397542
0.275448
0.371823
0.658312
0.658312
0.346291
0.462899
0.432649
0.245895
0.337909
0.414499
0.30292
0.25465
0.423543
0.658312
0.262539
0.331517
0.633249
0.272089
0.191884
0.408005
0.34371
0.658312
0.535185
0.390619
0.127786
0.178175
0.457738
0.225642
0.658312
0.613293
0.254884
0.441928
0.0450567
0.746425
0.171075
0.658312
0.309898
0.224745
0.354006
0.444622
0.746425
0.34371
0.658312
0.346291
0.255229
0.5
0.142784
0.202268
0.602243
0.19313
0.22098
0.141467
0.0540389
0.224718
0.56326
0.280191
0.223265
0.191434
0.274755
0.275114
0.298673
0.315371
0.354006
0.274755
0.338031
0.545603
0.658312
0.457738
0.674219
0.239156
0.42809
0.314261
0.640392
0.618712
0.124291
0.291892
0.134316
0.397542
0.658312
0.465696
0.386767
0.371321
0.552533
0.658312
0.175907
0.397542
0.527478
0.273551
0.658312
0.0426264
0.20755
0.648347
0.767767
0.164364
0.547954
0.284484
0.560516
0.274755
0.42263
0.746425
0.386658
0.767767
0.576015
0.230004
0.299038
0.252644
0.472189
0.198766
0.205557
0.164859
0.658312
0.746425
0.658312
0.206725
0.43872
0.397542
0.156024
0.21608
0.346291
0.278075
0.178095
0.228506
0.303876
0.403566
0.0818744
0.658312
0.443376
0.118034
0.337909
0.461015
0.0382575
0.226219
0.482799
0.366729
0.327075
0.30767
0.365378
0.293107
0.594635
0.158091
0.245223
0.269514
0.346085
0.396121
0.658312
0.732227
0.346256
0.134992
0.701945
0.190238
0.331485
0.373722
0.746425
0.3632
0.127526
0.0652313
0.414214
0.746425
0.767767
0.346291
0.658312
0.493165
0.287976
0.137988
0.296755
0.280191
0.24982
0.354006
0.414337
0.677929
0.204489
0.130021
0.534667
0.658312
0.22949
0.5
0.280191
0.47513
0.699673
0.30892
0.30767
0.125213
0.746425
0.274755
0.231217
0.199899
0.443376
0.166982
0.367165
0.144366
0.417494
0.385711
0.320004
0.351643
0.375811
0.658312
0.352887
0.134262
0.317201
0.746425
0.177802
0.642563
0.0573223
0.365642
0.296514
0.251228
0.658312
0.347897
0.198915
0.414214
0.23927
0.334573
0.658312
0.308386
0.660354
0.699673
0.658312
0.220659
0.658312
0.658312
0.274755
0.293986
0.175653
0.397542
0.701449
0.271187
0.330313
0.480049
0.280048
0.299038
0.346291
0.0645702
0.320685
0.121525
0.362433
0.53446
0.746425
0.760762
0.1327
0.50494
0.121847
0.30767
0.227086
0.658312
0.337909
0.658118
0.39155
0.354006
0.375811
0.194162
0.166263
0.248237
0.284397
0.263262
0.18933
0.180529
0.368204
0.658312
0.292679
0.5
0.0949429
0.698439
0.420895
0.746425
0.119794
0.658312
0.452813
0.375811
0.32418
0.658312
0.64277
0.353448
0.699673
0.738742
0.189477
0.658312
0.658312
0.309667
0.189389
0.633655
0.312768
0.339733
0.310062
0.337909
0.746425
0.658312
0.235026
0.425909
0.658312
0.185917
0.316713
0.350139
0.668466
0.274755
0.202795
0.35564
0.30767
0.289531
0.647877
0.274755
0.30767
0.346291
0.590928
0.658312
0.699673
0.337909
0.237927
0.241219
0.414214
0.376841
0.210193
0.346291
0.215949
0.658312
0.374924
0.168585
0.352984
0.666341
0.699673
0.743214
0.245483
0.539955
0.56876
0.406876
0.284234
0.191168
0.658312
0.363209
0.658312
0.182001
0.192108
0.397542
0.344432
0.30767
0.0465596
0.285432
0.234353
0.5
0.197145
0.142617
0.724013
0.337797
0.274755
0.346291
0.243684
0.0826073
0.414214
0.2988
0.658312
0.5474
0.374369
0.134571
0.545603
0.371867
0.281816
0.252577
0.195374
0.300097
0.314413
0.397542
0.380212
0.299777
0.274755
0.0548386
0.658312
0.584298
0.518555
0.565667
0.342684
0.253737
0.302863
0.354006
0.636637
0.357093
0.215629
0.521498
0.192949
0.658312
0.2186
0.135135
0.545603
0.546863
0.746425
0.186452
0.672356
0.274755
0.251898
0.658312
0.545603
0.280191
0.337909
0.297651
0.317286
0.369235
0.194395
0.258555
0.375811
0.692816
0.444112
0.118379
0.274755
0.306796
0.501461
0.176315
0.235795
0.0700056
0.658312
0.414214
0.576618
0.436846
0.506414
0.677243
0.658312
0.279841
0.190654
0.0818312
0.224745
0.528882
0.340639
0.138946
0.658312
0.094642
0.5
0.197234
0.658312
0.103519
0.729701
0.224745
0.255784
0.135241
0.213398
0.225038
0.633637
0.237566
0.462588
0.566812
0.280191
0.293733
0.183858
0.177629
0.224745
0.333832
0.195418
0.397542
0.153763
0.658312
0.721952
0.155279
0.34371
0.324324
0.74379
0.147514
0.118034
0.658312
0.0853113
0.156463
0.443376
0.266992
0.397542
0.658312
0.584536
0.301702
0.12813
0.746425
0.549038
0.273348
0.658312
0.658312
0.226698
0.207556
0.428169
0.446441
0.437581
0.658312
0.170539
0.179317
0.289459
0.365918
0.205516
0.767767
0.418248
0.483379
0.586901
0.765601
0.397542
0.319282
0.0350496
0.274118
0.363981
0.663981
0.177841
0.612452
0.658312
0.414214
0.297063
0.751771
0.397542
0.658312
0.689795
0.658312
0.658312
0.0424829
0.647443
0.184461
0.746425
0.164207
0.587655
0.337909
0.279357
0.0809101
0.0654624
0.10245
0.31064
0.30705
0.30767
0.270382
0.379116
0.216542
0.286617
0.356652
0.658312
0.355165
0.715995
0.459182
0.698144
0.595826
0.459313
0.168434
0.274755
0.443376
0.361368
0.34543
0.273857
0.529951
0.186311
0.0477689
0.397542
0.311619
0.684314
0.297078
0.315314
0.658312
0.386387
0.658312
0.57052
0.175796
0.414214
0.253866
0.746425
0.28772
0.148375
0.699673
0.42439
0.170371
0.226699
0.372995
0.508985
0.279502
0.746425
0.7069
0.346398
0.163672
0.328269
0.24328
0.193106
0.299038
0.5
0.280229
0.30767
0.334537
0.280191
0.658312
0.280749
0.529011
0.310121
0.182574
0.514137
0.418552
0.202565
0.204625
0.280738
0.313642
0.36164
0.397542
0.287603
0.30767
0.129264
0.0649405
0.400413
0.309372
0.595428
0.356022
0.658312
0.658312
0.524125
0.190238
0.087029
0.507698
0.414214
0.169796
0.257872
0.658312
0.408453
0.246879
0.217501
0.339525
0.168104
0.330224
0.27292
0.765601
0.401491
0.507857
0.567578
0.354006
0.149992
0.414214
0.658312
0.0595747
0.183154
0.375811
0.0749302
0.177932
0.242838
0.658312
0.27618
0.375811
0.435695
0.040626
0.27864
0.658312
0.736463
0.346291
0.170545
0.186511
0.5
0.464797
0.384669
0.207603
0.303223
0.337909
0.597408
0.251512
0.360366
0.280191
0.325885
0.338064
0.148682
0.414214
0.196181
0.417005
0.658312
0.224244
0.658312
0.128534
0.283806
0.270254
0.248567
0.354006
0.658312
0.375811
0.738978
0.254698
0.106817
0.112314
0.228312
0.327877
0.65163
0.709595
0.182819
0.603674
0.116515
0.589524
0.765601
0.346291
0.414214
0.746425
0.337909
0.337909
0.374369
0.375811
0.173565
0.765601
0.765601
0.3058
0.316648
0.696123
0.278309
0.226862
0.343539
0.192072
0.154343
0.551446
0.767767
0.414214
0.536086
0.500218
0.443376
0.195343
0.274755
0.351753
0.0452509
0.259912
0.280191
0.211759
0.277013
0.253889
0.212049
0.274755
0.434549
0.19436
0.326867
0.289144
0.30763
0.280455
0.168626
0.280191
0.191891
0.658837
0.658312
0.304421
0.746425
0.58141
0.545603
0.546226
0.286254
0.457738
0.647057
0.299038
0.443376
0.501785
0.698341
0.346291
0.0421406
0.288972
0.34371
0.265559
0.678329
0.514023
0.0382327
0.190238
0.144004
0.236378
0.658312
0.2623
0.373458
0.661113
0.146213
0.378153
0.414214
0.152051
0.706051
0.268944
0.312376
0.658312
0.414214
0.366285
0.220518
0.164886
0.658312
0.0718482
0.397542
0.193215
0.537154
0.250444
0.235163
0.17577
0.134883
0.300618
0.650496
0.0851409
0.22668
0.658312
0.190238
0.247765
0.465935
0.751374
0.658312
0.658312
0.457077
0.3475
0.346291
0.281777
0.271855
0.152602
0.306215
0.658312
0.118134
0.414214
0.510616
0.264477
0.443376
0.63134
0.462253
0.159663
0.209478
0.0812968
0.498667
0.658312
0.299791
0.065147
0.669378
0.250661
0.128299
0.30767
0.473372
0.441491
0.141144
0.137808
0.30767
0.200101
0.187296
0.245094
0.070553
0.414214
0.354006
0.346291
0.414377
0.202691
0.275391
0.250418
0.150069
0.297892
0.209604
0.765601
0.743942
0.190238
0.746425
0.458798
0.352259
0.0605263
0.224745
0.658312
0.658312
0.401125
0.314976
0.658312
0.124597
0.354006
0.658312
0.252819
0.767767
0.455216
0.730215
0.601897
0.125181
0.270321
0.476218
0.277327
0.190238
0.322066
0.658312
0.252142
0.658312
0.5
0.387181
0.177864
0.622559
0.339962
0.658312
0.355053
0.765601
0.658312
0.372223
0.443376
0.746425
0.658312
0.183842
0.658312
0.30767
0.125522
0.282676
0.250601
0.139735
0.658312
0.243137
0.414214
0.495757
0.51472
0.137645
0.59554
0.414214
0.336747
0.346291
0.122881
0.61778
0.274755
0.296579
0.658312
0.584298
0.339839
0.415464
0.124129
0.238424
0.509639
0.150679
0.142645
0.614026
0.217951
0.397542
0.552631
0.744848
0.267189
0.469872
0.635478
0.525985
0.658312
0.202868
0.190238
0.767767
0.280191
0.336528
0.532678
0.132345
0.735646
0.264008
0.658312
0.263466
0.658312
0.444981
0.547308
0.466083
0.347853
0.397542
0.746425
0.237102
0.746425
0.244193
0.37295
0.173599
0.456895
0.289255
0.558962
0.443376
0.156566
0.658312
0.746425
0.370997
0.545603
0.658312
0.246286
0.129536
0.713853
0.496579
0.658312
0.219023
0.274755
0.416763
0.128932
0.287171
0.552582
0.139455
0.532664
0.52004
0.658312
0.658312
0.210463
0.0756794
0.545603
0.375811
0.337909
0.658384
0.301716
0.168092
0.361657
0.256945
0.71875
0.401333
0.33241
0.29422
0.658312
0.463433
0.132587
0.208871
0.616245
0.30767
0.626536
0.137329
0.5
0.710751
0.162992
0.336627
0.414214
0.437789
0.373328
0.31749
0.227813
0.202277
0.170311
0.395901
0.127805
0.302247
0.346291
0.149344
0.746425
0.487633
0.551246
0.114198
0.143347
0.274755
0.230332
0.658312
0.157209
0.34341
0.525026
0.210864
0.354311
0.274755
0.190238
0.386299
0.298256
0.145478
0.488585
0.179879
0.0626867
0.594222
0.188928
0.274755
0.62289
0.114858
0.658312
0.391114
0.658312
0.326432
0.648923
0.179766
0.234228
0.33275
0.507551
0.242364
0.0835211
0.247298
0.102141
0.283846
0.338425
0.375811
0.197344
0.211144
0.584298
0.586091
0.5
0.126919
0.224795
0.337909
0.189029
0.767767
0.658312
0.341047
0.658312
0.375811
0.108846
0.274755
0.746425
0.134869
0.280191
0.491078
0.155074
0.30767
0.357824
0.362877
0.287725
0.314203
0.354006
0.658312
0.658312
0.234178
0.658312
0.280191
0.256528
0.274755
0.190238
0.373724
0.228256
0.188386
0.122446
0.746425
0.694117
0.30731
0.526489
0.746425
0.346291
0.190238
0.249679
0.27947
0.527199
0.274755
0.418587
0.0374006
0.337909
0.397542
0.127433
0.261793
0.234743
0.658312
0.591439
0.154118
0.233598
0.721227
0.765601
0.658312
0.408317
0.414214
0.305818
0.0453381
0.658312
0.349044
0.741049
0.209468
0.19854
0.30279
0.224931
0.658312
0.353253
0.658312
0.312261
0.0996208
0.299038
0.231336
0.566749
0.767767
0.274755
0.525852
0.256568
0.17833
0.134162
0.442483
0.263972
0.490903
0.658312
0.656164
0.205697
0.401536
0.243611
0.190238
0.286091
0.083922
0.274755
0.630651
0.338363
0.746425
0.295978
0.166708
0.165644
0.274755
0.658312
0.155518
0.466632
0.144434
0.294552
0.658312
0.337909
0.696185
0.658312
0.405776
0.593294
0.422606
0.765601
0.157659
0.37837
0.571322
0.658312
0.741049
0.741468
0.127995
0.414214
0.24876
0.375811
0.249369
0.374369
0.274272
0.174344
0.550339
0.61482
0.256612
0.658312
0.425276
0.195957
0.293121
0.767767
0.30767
0.658312
0.190238
0.190238
0.173652
0.298126
0.54345
0.440425
0.664604
0.240539
0.545603
0.0848346
0.258187
0.658312
0.260227
0.658312
0.608697
0.167281
0.658312
0.161339
0.247841
0.324523
0.658312
0.306875
0.374249
0.346291
0.767767
0.349727
0.0912361
0.131935
0.767767
0.198932
0.291838
0.5
0.220198
0.411396
0.337295
0.243182
0.658312
0.584298
0.658312
0.2846
0.137179
0.54623
0.414214
0.105607
0.443376
0.746425
0.414214
0.658312
0.335271
0.274755
0.297618
0.704717
0.381627
0.744115
0.169253
0.222835
0.346291
0.549614
0.604805
0.658312
0.474617
0.30767
0.364737
0.240535
0.658312
0.670559
0.298366
0.177297
0.0909109
0.110957
0.658312
0.765601
0.362381
0.751926
0.658312
0.658312
0.215922
0.346291
0.281217
0.190238
0.564041
0.45445
0.658312
0.197722
0.465353
0.196822
0.205167
0.658312
0.346736
0.420928
0.545603
0.287051
0.157795
0.397853
0.641707
0.0907152
0.186452
0.302239
0.352488
0.144043
0.40645
0.658312
0.65898
0.330989
0.280191
0.306103
0.456499
0.146128
0.411703
0.658312
0.179287
0.266417
0.346291
0.18229
0.365623
0.593665
0.658312
0.244124
0.275358
0.102432
0.190238
0.274755
0.187592
0.218427
0.258485
0.274755
0.299038
0.230507
0.181585
0.32299
0.375811
0.304117
0.301831
0.155583
0.345816
0.415983
0.317257
0.658312
0.346291
0.232206
0.345582
0.316529
0.249284
0.30767
0.346291
0.3404
0.343389
0.142861
0.241876
0.334894
0.295268
0.356728
0.530306
0.339718
0.601348
0.224745
0.224745
0.658312
0.278139
0.511861
0.280135
0.644823
0.470203
0.262091
0.374445
0.658312
0.197374
0.658312
0.310735
0.658312
0.143879
0.557869
0.35668
0.658312
0.078144
0.280191
0.235478
0.224788
0.27478
0.0983827
0.338034
0.29767
0.119938
0.29235
0.658312
0.303348
0.330813
0.5119
0.5
0.363349
0.658312
0.541569
0.274755
0.144418
0.186106
0.375674
0.61083
0.274755
0.765601
0.251964
0.24901
0.457046
0.535047
0.679821
0.348464
0.699673
0.190238
0.224745
0.659069
0.402682
0.350789
0.13415
0.128382
0.256653
0.263336
0.658312
0.29609
0.658312
0.334415
0.559751
0.375811
0.223757
0.302121
0.375811
0.354006
0.0899329
0.268573
0.106552
0.209994
0.658312
0.217879
0.658312
0.14753
0.640917
0.765601
0.28704
0.443376
0.156061
0.42919
0.228379
0.187561
0.239201
0.658312
0.0907044
0.744611
0.282734
0.289807
0.658312
0.274755
0.554674
0.157148
0.327728
0.374247
0.264101
0.319405
0.281405
0.213679
0.322754
0.346291
0.658312
0.130522
0.453212
0.767767
0.525819
0.187284
0.584298
0.20574
0.210237
0.27077
0.134458
0.310743
0.658312
0.30391
0.194207
0.258074
0.298879
0.275375
0.366906
0.166854
0.658312
0.765601
0.154172
0.332419
0.443376
0.346291
0.189528
0.280191
0.689163
0.346291
0.414214
0.346195
0.32896
0.212223
0.454615
0.317074
0.249752
0.580476
0.302605
0.172971
0.0966873
0.658312
0.307428
0.177536
0.697853
0.658312
0.294749
0.233367
0.67304
0.190238
0.733374
0.309487
0.26614
0.331494
0.147879
0.0834758
0.767767
0.658312
0.658312
0.32415
0.518944
0.191855
0.120339
0.414214
0.343455
0.280191
0.658312
0.1262
0.377304
0.519329
0.504024
0.554893
0.767767
0.658312
0.699673
0.658312
0.119146
0.658312
0.501892
0.658312
0.658312
0.658312
0.35023
0.130353
0.230754
0.307074
0.326052
0.394625
0.346291
0.741362
0.161831
0.699673
0.355898
0.765601
0.612119
0.746425
0.274755
0.658312
0.658312
0.545603
0.370392
0.34371
0.280191
0.394618
0.24755
0.27362
0.274363
0.535205
0.253095
0.454563
0.5
0.337909
0.414214
0.300001
0.298645
0.30767
0.368201
0.347212
0.100555
0.414214
0.190834
0.637224
0.167718
0.267722
0.671645
0.406854
0.658312
0.658312
0.653689
0.292488
0.177347
0.298002
0.0649851
0.283346
0.397966
0.663272
0.114407
0.574823
0.299038
0.658312
0.381654
0.262754
0.767767
0.201299
0.658312
0.122698
0.187662
0.33947
0.105529
0.658312
0.337909
0.41124
0.356027
0.143383
0.453756
0.0825019
0.619996
0.699673
0.617245
0.658312
0.224745
0.337909
0.237753
0.194891
0.767767
0.276598
0.658312
0.658312
0.623335
0.532149
0.274755
0.0867624
0.658312
0.371869
0.344917
0.693744
0.397542
0.68263
0.153165
0.447899
0.316943
0.348699
0.280191
0.280191
0.247601
0.475248
0.658312
0.33823
0.180227
0.318605
0.658312
0.349435
0.569758
0.264045
0.175697
0.222113
0.0933047
0.140436
0.692537
0.699764
0.499834
0.27217
0.435503
0.296987
0.397542
0.658312
0.375811
0.275584
0.400003
0.274755
0.500012
0.111733
0.521773
0.658312
0.258746
0.321402
0.177393
0.658312
0.391934
0.658312
0.190238
0.584298
0.190238
0.190238
0.658312
0.301234
0.414214
0.286925
0.362706
0.337909
0.418108
0.722823
0.203596
0.693007
0.116914
0.658312
0.339743
0.746425
0.337909
0.274755
0.318314
0.165361
0.224745
0.386973
0.289427
0.767767
0.229176
0.530306
0.346291
0.274755
0.294741
0.354949
0.30767
0.375545
0.274755
0.346291
0.510381
0.765601
0.186463
0.30767
0.226104
0.280474
0.337909
0.746425
0.164444
0.280191
0.118063
0.511021
0.328141
0.280191
0.575416
0.397542
0.448169
0.658312
0.279473
0.651124
0.171678
0.23844
0.30767
0.297748
0.765601
0.6592
0.568666
0.27483
0.248572
0.658312
0.105236
0.624704
0.24335
0.215676
0.311901
0.23342
0.135464
0.30767
0.658312
0.551187
0.139114
0.658312
0.218312
0.423562
0.190238
0.296512
0.350814
0.658312
0.408645
0.152157
0.327375
0.765601
0.149319
0.510148
0.526664
0.130566
0.224745
0.337909
0.522178
0.352939
0.227663
0.658312
0.658312
0.668248
0.166246
0.256745
0.124292
0.333714
0.274755
0.500126
0.637276
0.243545
0.174518
0.184722
0.723901
0.500883
0.658312
0.191553
0.169256
0.658312
0.445251
0.765601
0.322142
0.658312
0.346291
0.746425
0.248624
0.658312
0.658312
0.118111
0.157811
0.280191
0.658312
0.203835
0.467163
0.408512
0.610918
0.224859
0.224745
0.443376
0.299711
0.402228
0.420986
0.234298
0.397542
0.746425
0.280191
0.372151
0.208097
0.022688
0.258889
0.221058
0.26538
0.663654
0.765601
0.128707
0.501605
0.599323
0.206329
0.151412
0.41887
0.414214
0.414214
0.707863
0.375811
0.375811
0.343807
0.606954
0.233524
0.274755
0.280191
0.209383
0.204475
0.340094
0.767767
0.746425
0.146872
0.658312
0.185467
0.299038
0.342764
0.178214
0.20967
0.160405
0.081422
0.136828
0.337909
0.507359
0.296715
0.279809
0.375811
0.757968
0.0502564
0.24541
0.667166
0.577365
0.400594
0.450936
0.735493
0.168248
0.663097
0.274755
0.667649
0.467064
0.725402
0.321748
0.193386
0.746425
0.658312
0.609497
0.366175
0.30767
0.499395
0.658312
0.202693
0.227199
0.280795
0.644092
0.190238
0.000850339
0.209464
0.34371
0.658312
0.765601
0.558463
0.33707
0.315573
0.765601
0.344231
0.184308
0.660257
0.12352
0.0282849
0.443376
0.0634055
0.253889
0.658312
0.267347
0.224745
0.234809
0.278245
0.190238
0.18204
0.292708
0.204325
0.767767
0.294371
0.452127
0.247624
0.188437
0.0188894
0.274755
0.334521
0.665302
0.535181
0.354006
0.122892
0.085158
0.355
0.239268
0.550495
0.314441
0.457738
0.397542
0.30767
0.257687
0.463234
0.273382
0.173085
0.13026
0.280191
0.168318
0.225478
0.30767
0.601641
0.614524
0.250921
0.30767
0.658312
0.205691
0.274755
0.517508
0.164452
0.328038
0.346291
0.303989
0.658312
0.282943
0.190238
0.500928
0.22095
0.686942
0.658408
0.658312
0.513021
0.174112
0.171558
0.259221
0.737582
0.530306
0.190238
0.655051
0.137003
0.30175
0.316311
0.658312
0.354006
0.392872
0.289103
0.742844
0.414214
0.476455
0.606681
0.185032
0.741049
0.658312
0.240912
0.253267
0.219922
0.1137
0.122101
0.525018
0.27448
0.767767
0.466277
0.418279
0.532162
0.493268
0.422547
0.184485
0.286019
0.459407
0.489606
0.274755
0.545603
0.231549
0.257474
0.658312
0.0754319
0.765601
0.0340285
0.667679
0.280191
0.354006
0.658312
0.283512
0.29126
0.188255
0.241631
0.658312
0.355843
0.367936
0.190956
0.145041
0.397542
0.658312
0.0971588
0.66962
0.549925
0.658312
0.32775
0.22374
0.730852
0.250613
0.746425
0.303191
0.126157
0.577254
0.0397254
0.767767
0.741142
0.414214
0.289861
0.224917
0.41098
0.341116
0.225726
0.658312
0.162169
0.502439
0.213326
0.259894
0.509535
0.190238
0.351897
0.206876
0.545603
0.327025
0.20722
0.1903
0.19675
0.165405
0.215253
0.131752
0.658312
0.220641
0.171749
0.315866
0.601655
0.545603
0.504782
0.5
0.26403
0.331728
0.375811
0.658312
0.339654
0.172012
0.588224
0.658312
0.280191
0.369472
0.257564
0.161954
0.0774917
0.746425
0.767767
0.513129
0.658312
0.0863578
0.131805
0.347778
0.397542
0.29346
0.734837
0.325141
0.165708
0.658312
0.414214
0.44707
0.467619
0.658312
0.401994
0.346291
0.187914
0.187591
0.651962
0.658312
0.190238
0.350254
0.425901
0.658312
0.195013
0.658312
0.133334
0.275833
0.615548
0.118034
0.528891
0.414214
0.521337
0.346291
0.644902
0.414214
0.675281
0.24289
0.679431
0.672965
0.346291
0.384176
0.346291
0.2966
0.337909
0.122661
0.272637
0.313794
0.748688
0.299134
0.584298
0.280191
0.428067
0.0750487
0.185289
0.250317
0.699673
0.658312
0.33939
0.274512
0.216188
0.658312
0.658312
0.163551
0.658312
0.139207
0.198277
0.658312
0.176182
0.658312
0.658312
0.512882
0.35246
0.363741
0.595778
0.767767
0.133654
0.224778
0.163575
0.375811
0.354096
0.159879
0.30767
0.286549
0.354622
0.443291
0.280191
0.348005
0.375811
0.177842
0.263568
0.74219
0.256124
0.5
0.746425
0.266646
0.469169
0.354585
0.658312
0.0765319
0.268589
0.337909
0.375937
0.30767
0.280191
0.464688
0.207154
0.699673
0.709327
0.332871
0.487095
0.274755
0.344274
0.248936
0.767767
0.345522
0.296201
0.658312
0.369588
0.746425
0.344782
0.0942593
0.360401
0.293755
0.120329
0.741049
0.0947392
0.137742
0.180439
0.285993
0.482949
0.433313
0.236226
0.360808
0.58744
0.257474
0.280191
0.767767
0.397542
0.368009
0.25258
0.22647
0.286286
0.274755
0.658312
0.350353
0.658312
0.277817
0.694046
0.658312
0.647746
0.30767
0.293925
0.658312
0.576382
0.251009
0.296806
0.204131
0.362375
0.699895
0.338765
0.337909
0.658312
0.658312
0.375811
0.5
0.184681
0.173206
0.574192
0.201494
0.290091
0.658312
0.125939
0.271723
0.658312
0.354006
0.613078
0.277244
0.34371
0.279716
0.658312
0.609282
0.224745
0.658312
0.368471
0.666554
0.0742237
0.658312
0.452338
0.303407
0.253026
0.375811
0.20785
0.299229
0.658312
0.259389
0.274755
0.516048
0.658312
0.658312
0.13016
0.360425
0.658312
0.758693
0.658312
0.337909
0.456904
0.225816
0.65963
0.346291
0.650789
0.560163
0.182637
0.190238
0.658312
0.699673
0.346291
0.284101
0.658312
0.278627
0.245648
0.502918
0.190238
0.346291
0.0565808
0.767767
0.347912
0.138281
0.461925
0.544629
0.524991
0.658312
0.290454
0.234056
0.346291
0.208241
0.23961
0.608752
0.746425
0.658392
0.511579
0.672312
0.192795
0.280238
0.362672
0.636589
0.190555
0.658312
0.382288
0.687816
0.658312
0.154237
0.699673
0.658312
0.0346169
0.134911
0.159103
0.235928
0.583796
0.443376
0.414214
0.311887
0.146247
0.346291
0.576529
0.299038
0.274755
0.658312
0.658312
0.576913
0.374369
0.662076
0.431635
0.337766
0.224788
0.670442
0.138956
0.243605
0.459405
0.331406
0.658312
0.526006
0.141086
0.346291
0.746425
0.658312
0.764376
0.193703
0.744788
0.325255
0.210895
0.309157
0.658312
0.214305
0.414741
0.278795
0.337909
0.194994
0.593663
0.738113
0.349121
0.308679
0.0465646
0.658312
0.485184
0.190238
0.742175
0.414214
0.20977
0.329222
0.460236
0.190238
0.746425
0.510509
0.401064
0.309546
0.0109132
0.425749
0.131309
0.30767
0.346291
0.30767
0.414214
0.0854552
0.709619
0.112465
0.274088
0.159661
0.607998
0.42638
0.386911
0.298007
0.137475
0.658312
0.280191
0.274755
0.134846
0.306843
0.319429
0.388095
0.177807
0.354006
0.309172
0.658312
0.583957
0.25018
0.183918
0.233322
0.190238
0.397542
0.308733
0.699673
0.437529
0.292139
0.352034
0.658312
0.30371
0.746425
0.289735
0.365033
0.658312
0.30767
0.0625719
0.30767
0.746425
0.125431
0.280191
0.159017
0.337909
0.340383
0.35005
0.346291
0.472829
0.280191
0.63722
0.229577
0.658312
0.24934
0.352973
0.190003
0.161836
0.414214
0.658312
0.356708
0.317508
0.236065
0.0865224
0.658312
0.414553
0.312934
0.339027
0.280191
0.177654
0.327265
0.342586
0.364375
0.280191
0.529307
0.351479
0.76644
0.746425
0.193103
0.346291
0.658312
0.262367
0.405107
0.197142
0.209427
0.274755
0.397542
0.265691
0.274755
0.233339
0.190238
0.746425
0.5
0.222961
0.274755
0.658312
0.546092
0.526592
0.213278
0.274755
0.150608
0.337909
0.658312
0.236208
0.407969
0.280191
0.258524
0.394682
0.480222
0.431047
0.198208
0.10218
0.156618
0.306767
0.384359
0.437408
0.274755
0.746425
0.294397
0.350683
0.160529
0.420263
0.374279
0.196761
0.165826
0.357765
0.368619
0.400905
0.253453
0.658312
0.527322
0.202494
0.515808
0.239596
0.498966
0.658312
0.158339
0.229133
0.274755
0.746425
0.326241
0.103037
0.443376
0.145983
0.291957
0.247718
0.338701
0.472803
0.274755
0.0714175
0.0722183
0.307905
0.450386
0.658312
0.238891
0.633936
0.248593
0.189887
0.658312
0.414214
0.717278
0.332298
0.372189
0.584298
0.371017
0.157298
0.199467
0.227161
0.354006
0.465563
0.30767
0.504334
0.430065
0.186492
0.414214
0.287442
0.164115
0.154469
0.470808
0.397542
0.375811
0.274755
0.344026
0.346291
0.124524
0.193957
0.443376
0.200299
0.671783
0.658312
0.658312
0.746425
0.196729
0.294953
0.658312
0.274755
0.658312
0.258063
0.500001
0.0868218
0.658312
0.454371
0.443376
0.327658
0.221378
0.26723
0.414214
0.765601
0.524964
0.726763
0.298858
0.182775
0.397542
0.551885
0.746425
0.484643
0.274578
0.195387
0.114651
0.0873753
0.415903
0.441466
0.765601
0.196612
0.658312
0.117842
0.658312
0.0914124
0.658312
0.414214
0.325115
0.658312
0.290119
0.293299
0.337909
0.0998879
0.230539
0.124658
0.226146
0.204915
0.153537
0.207381
0.534645
0.414214
0.17866
0.443376
0.290501
0.658312
0.292872
0.328408
0.292484
0.0344176
0.658312
0.746425
0.280191
0.658312
0.280191
0.281555
0.346291
0.138901
0.5
0.346291
0.658312
0.274755
0.642681
0.525819
0.331902
0.234406
0.699673
0.254889
0.190238
0.154507
0.337909
0.350442
0.133189
0.457633
0.0412516
0.767767
0.332005
0.34371
0.274755
0.27918
0.658312
0.414214
0.241808
0.113132
0.282909
0.387907
0.186316
0.242487
0.0655137
0.367988
0.241965
0.292546
0.64432
0.590668
0.223923
0.375811
0.470117
0.142506
0.295168
0.376432
0.26657
0.359041
0.257348
0.302935
0.152499
0.506357
0.280191
0.341369
0.765601
0.658312
0.250003
0.202617
0.30767
0.658312
0.280191
0.343934
0.584298
0.381964
0.746425
0.662818
0.285469
0.0710526
0.19255
0.30022
0.686502
0.18378
0.230261
0.430115
0.746425
0.550762
0.280304
0.221237
0.591897
0.354006
0.270486
0.0645744
0.337909
0.365045
0.397542
0.559879
0.125873
0.190238
0.638469
0.658312
0.52676
0.658312
0.638794
0.249251
0.231752
0.244717
0.517927
0.533675
0.272389
0.162933
0.346291
0.203656
0.233688
0.368937
0.252102
0.475541
0.20176
0.158532
0.504034
0.658312
0.643345
0.297208
0.433702
0.146538
0.238636
0.190238
0.570185
0.414214
0.743154
0.658312
0.658312
0.337909
0.346291
0.453596
0.0887803
0.767767
0.375811
0.183932
0.354006
0.104937
0.0768234
0.420108
0.357466
0.357628
0.433922
0.318706
0.658312
0.276955
0.310947
0.138637
0.466289
0.41165
0.257699
0.414214
0.355349
0.280191
0.765601
0.190238
0.19805
0.333921
0.658312
0.321758
0.18381
0.337909
0.765601
0.501246
0.274755
0.148419
0.404905
0.658312
0.337909
0.200092
0.699673
0.741049
0.695326
0.746425
0.397542
0.646473
0.274755
0.584298
0.719027
0.658312
0.765601
0.508404
0.24544
0.746425
0.221526
0.346291
0.0444665
0.100498
0.162188
0.552252
0.250697
0.658312
0.658312
0.658312
0.337909
0.396722
0.658312
0.658312
0.685279
0.332296
0.274537
0.658312
0.306223
0.451482
0.0544477
0.221082
0.658312
0.658312
0.235777
0.268584
0.276822
0.526221
0.767767
0.346291
0.414214
0.371506
0.73035
0.159273
0.346291
0.443376
0.290809
0.35619
0.658312
0.360971
0.765601
0.217958
0.443376
0.346291
0.469149
0.227629
0.215269
0.17976
0.699673
0.675371
0.198395
0.746425
0.17596
0.123931
0.1646
0.0367861
0.437425
0.30767
0.268396
0.194561
0.658312
0.334415
0.658312
0.414214
0.452992
0.242364
0.375811
0.266659
0.203208
0.527645
0.481052
0.326796
0.583496
0.235669
0.658312
0.189365
0.0492899
0.658312
0.245341
0.190238
0.446071
0.321913
0.767767
0.261091
0.274755
0.44545
0.0481344
0.5
0.274755
0.155373
0.280191
0.530306
0.516512
0.664091
0.658312
0.658336
0.658312
0.12647
0.62199
0.188764
0.225234
0.263785
0.164422
0.215751
0.765601
0.37529
0.677055
0.261472
0.743374
0.234419
0.262652
0.448621
0.541038
0.354006
0.767767
0.730392
0.658312
0.240801
0.375811
0.320873
0.210073
0.242426
0.337909
0.109324
0.190238
0.160799
0.39874
0.344687
0.414214
0.30767
0.72105
0.197314
0.765601
0.482467
0.169943
0.190238
0.625048
0.153614
0.746425
0.264053
0.765601
0.258349
0.289582
0.134413
0.598222
0.348539
0.274755
0.658312
0.185614
0.232456
0.346291
0.658312
0.0474923
0.243745
0.248204
0.195473
0.361797
0.605889
0.332014
0.705227
0.224745
0.36257
0.658312
0.31084
0.198642
0.142879
0.251207
0.220791
0.658312
0.679294
0.658312
0.658312
0.204484
0.414214
0.21202
0.658312
0.218557
0.352161
0.151365
0.746425
0.281843
0.30767
0.134841
0.30171
0.258095
0.193889
0.69407
0.274755
0.541439
0.242827
0.414214
0.261565
0.217248
0.292823
0.169208
0.233126
0.226908
0.15222
0.658312
0.290734
0.548166
0.658312
0.209952
0.395037
0.286606
0.582222
0.41085
0.475678
0.280817
0.259101
0.363864
0.500727
0.27868
0.607423
0.414214
0.746425
0.193216
0.176709
0.256094
0.59361
0.333974
0.138378
0.228516
0.26345
0.300102
0.536373
0.746425
0.250814
0.658911
0.658312
0.157862
0.5
0.200377
0.455104
0.466629
0.227924
0.478087
0.164682
0.313298
0.330977
0.765601
0.0391882
0.380586
0.407944
0.203576
0.474651
0.427509
0.155382
0.271889
0.556082
0.337909
0.208924
0.414214
0.201996
0.184834
0.746425
0.055259
0.175042
0.0526423
0.276241
0.236224
0.348327
0.280191
0.545603
0.288146
0.0936396
0.328693
0.658312
0.658312
0.111625
0.30767
0.260933
0.443377
0.278587
0.214322
0.337674
0.116586
0.658312
0.280191
0.658312
0.26808
0.350325
0.295235
0.221384
0.210711
0.767767
0.28215
0.658312
0.362603
0.274438
0.146821
0.426304
0.30767
0.265365
0.545603
0.0949577
0.224745
0.143654
0.346291
0.658312
0.399958
0.658312
0.299038
0.346291
0.658312
0.216447
0.723127
0.674955
0.219768
0.583455
0.746425
0.354006
0.414214
0.166989
0.454847
0.746425
0.354006
0.182562
0.658312
0.658312
0.746425
0.274755
0.658321
0.274755
0.658312
0.767767
0.414214
0.186211
0.443991
0.566621
0.475631
0.241084
0.206273
0.293273
0.24366
0.360907
0.136338
0.280191
0.275675
0.414214
0.658312
0.259555
0.274755
0.658312
0.257732
0.137442
0.280191
0.658312
0.34371
0.300293
0.534895
0.240281
0.658312
0.346291
0.746425
0.18346
0.16509
0.354006
0.272785
0.190238
0.197769
0.349317
0.658312
0.137535
0.30767
0.193385
0.699673
0.249727
0.74634
0.658312
0.297211
0.297722
0.166351
0.616953
0.679092
0.669866
0.275142
0.637118
0.363397
0.283956
0.233472
0.260615
0.352734
0.337909
0.313744
0.183523
0.699673
0.30767
0.57174
0.658312
0.658312
0.305971
0.309785
0.658312
0.265523
0.148538
0.076743
0.410357
0.122728
0.233193
0.353762
0.315901
0.133508
0.374625
0.328489
0.163289
0.0786414
0.272036
0.102578
0.274755
0.658312
0.298461
0.658312
0.38649
0.295906
0.352834
0.280191
0.746425
0.746425
0.298511
0.474306
0.328573
0.0871307
0.340712
0.346291
0.331444
0.658312
0.131418
0.443376
0.658312
0.1525
0.27994
0.296549
0.545603
0.291379
0.674581
0.147843
0.412184
0.443377
0.236993
0.440376
0.639071
0.168908
0.317103
0.518478
0.208117
0.746425
0.13819
0.161625
0.354006
0.658312
0.509902
0.274755
0.530306
0.362504
0.658312
0.267733
0.118034
0.743534
0.658312
0.297042
0.280191
0.0896317
0.699573
0.5
0.1618
0.289482
0.261678
0.767767
0.182374
0.479641
0.378684
0.375811
0.658312
0.746425
0.280191
0.178934
0.290248
0.206761
0.658312
0.272138
0.408441
0.30767
0.225553
0.251054
0.156047
0.767767
0.545603
0.375811
0.28297
0.316221
0.28143
0.397542
0.194681
0.414608
0.274755
0.416202
0.504902
0.368973
0.214105
0.688395
0.346291
0.351509
0.14579
0.535618
0.0423828
0.472222
0.368053
0.303916
0.385677
0.397542
0.133501
0.320229
0.545603
0.658312
0.354006
0.193163
0.0479151
0.402829
0.658312
0.746425
0.227323
0.464334
0.699673
0.337168
0.319875
0.473802
0.258595
0.280191
0.515731
0.226931
0.123965
0.507649
0.311633
0.162079
0.163904
0.140346
0.240596
0.266041
0.658312
0.658312
0.671047
0.188884
0.120347
0.363687
0.274755
0.348704
0.159333
0.280191
0.0586173
0.324104
0.120226
0.375811
0.614583
0.166288
0.308345
0.390822
0.177435
0.578039
0.119596
0.133098
0.658312
0.0553317
0.265721
0.421954
0.463809
0.369917
0.276123
0.251039
0.134258
0.376244
0.531345
0.422751
0.524743
0.6397
0.346291
0.30767
0.190238
0.397542
0.507658
0.281926
0.621807
0.289499
0.313632
0.545603
0.295592
0.658312
0.234163
0.375811
0.517814
0.282971
0.065168
0.156679
0.528108
0.457636
0.325214
0.234339
0.658312
0.233358
0.329556
0.506296
0.241906
0.414214
0.584298
0.11886
0.606052
0.0685226
0.532132
0.658312
0.342786
0.443376
0.539314
0.746425
0.310064
0.512501
0.308432
0.190238
0.301141
0.548914
0.447066
0.192991
0.713367
0.174518
0.346797
0.446901
0.410731
0.658312
0.190238
0.151836
0.397542
0.683521
0.292602
0.187872
0.198581
0.462704
0.767767
0.193668
0.220331
0.173258
0.448519
0.274755
0.0999185
0.151393
0.280191
0.249241
0.30767
0.584298
0.360615
0.22675
0.280191
0.173632
0.263642
0.668853
0.635306
0.512965
0.284665
0.0594099
0.658312
0.529027
0.404623
0.565461
0.303596
0.190238
0.225324
0.468687
0.299038
0.198629
0.356182
0.225564
0.280191
0.121609
0.132771
0.181739
0.153299
0.414214
0.658312
0.264452
0.621216
0.306903
0.457738
0.293245
0.36009
0.500091
0.282662
0.500072
0.27402
0.354056
0.425861
0.202139
0.337909
0.1648
0.174736
0.11687
0.163101
0.189492
0.18433
0.5
0.658312
0.119976
0.274755
0.658312
0.30767
0.349317
0.212405
0.457738
0.141452
0.356413
0.380444
0.658312
0.346291
0.13001
0.190822
0.746425
0.650763
0.767767
0.0555299
0.443376
0.290762
0.658312
0.30767
0.303124
0.379074
0.346291
0.658312
0.746425
0.764163
0.33432
0.286613
0.256756
0.120389
0.725556
0.0647877
0.161148
0.314649
0.547448
0.151711
0.196898
0.238066
0.257213
0.324667
0.280191
0.658312
0.541524
0.347612
0.746425
0.158465
0.381453
0.658312
0.746425
0.307038
0.699673
0.151821
0.350074
0.378192
0.0701238
0.163669
0.658312
0.37099
0.274755
0.658312
0.458426
0.542758
0.658312
0.658312
0.33862
0.278242
0.243468
0.210562
0.504931
0.0920994
0.423402
0.658312
0.658312
0.473998
0.34198
0.658312
0.414214
0.174682
0.130334
0.241915
0.104844
0.296591
0.274755
0.210427
0.359793
0.414214
0.285666
0.348104
0.389495
0.314581
0.414572
0.715811
0.658312
0.256018
0.309868
0.621154
0.234664
0.414214
0.280191
0.07021
0.509045
0.256595
0.500056
0.196307
0.173718
0.658312
0.375811
0.658312
0.281537
0.55043
0.375811
0.165113
0.0879165
0.421088
0.107498
0.346291
0.387549
0.533491
0.182151
0.424093
0.353878
0.299519
0.501326
0.658312
0.401626
0.767767
0.343454
0.30195
0.30767
0.0579217
0.301734
0.206817
0.71453
0.236974
0.34881
0.278042
0.5
0.414214
0.232473
0.194398
0.337476
0.140145
0.337909
0.256305
0.584298
0.409095
0.274755
0.173243
0.143589
0.162881
0.628236
0.230442
0.353842
0.298542
0.270418
0.393829
0.25076
0.253185
0.34371
0.189224
0.479671
0.658312
0.280191
0.530306
0.680967
0.29231
0.250482
0.658312
0.346291
0.658312
0.658312
0.175848
0.292884
0.296576
0.745247
0.0873491
0.428962
0.148626
0.253344
0.256592
0.765601
0.290959
0.295925
0.67712
0.0887276
0.30767
0.236438
0.171056
0.375811
0.180598
0.0994304
0.513382
0.357343
0.599379
0.291844
0.442384
0.298821
0.746425
0.274755
0.280191
0.157879
0.26303
0.274755
0.370103
0.284471
0.746425
0.272372
0.658312
0.105987
0.112204
0.279208
0.746425
0.379339
0.210384
0.478963
0.130379
0.658312
0.658312
0.0865359
0.658312
0.538048
0.765601
0.658312
0.443376
0.767767
0.19312
0.220279
0.277068
0.282945
0.195461
0.658312
0.658312
0.397542
0.21688
0.357862
0.334129
0.414214
0.658312
0.767767
0.658312
0.143692
0.414214
0.746425
0.375811
0.261523
0.493809
0.375811
0.746425
0.710757
0.658312
0.230584
0.0813827
0.236187
0.19039
0.254878
0.304998
0.658312
0.0734965
0.310394
0.658312
0.452417
0.658312
0.0518449
0.457738
0.280191
0.354006
0.378644
0.26571
0.274755
0.16687
0.746425
0.275241
0.15288
0.331562
0.0921139
0.168127
0.767767
0.216963
0.767767
0.746425
0.541494
0.658312
0.337909
0.346291
0.0873298
0.127651
0.730831
0.412763
0.268469
0.318498
0.125157
0.658312
0.0791848
0.358441
0.268145
0.398647
0.190238
0.2887
0.0967124
0.374369
0.538582
0.186712
0.230114
0.428643
0.13237
0.280191
0.600611
0.746425
0.5
0.56492
0.530306
0.30767
0.531458
0.374425
0.262943
0.659051
0.526337
0.280191
0.414214
0.658312
0.0775116
0.321092
0.3195
0.274755
0.310122
0.503311
0.258145
0.315776
0.658312
0.193534
0.346291
0.272086
0.505018
0.658312
0.387861
0.659238
0.233303
0.395199
0.443376
0.215234
0.329602
0.500817
0.186982
0.176402
0.767767
0.296312
0.584419
0.208651
0.214342
0.158945
0.393816
0.395456
0.428883
0.198056
0.767767
0.658312
0.658312
0.621056
0.441132
0.732242
0.430637
0.547461
0.309349
0.172366
0.414214
0.559282
0.18507
0.551779
0.350782
0.543686
0.658312
0.659377
0.767767
0.327216
0.299431
0.553827
0.190238
0.5988
0.658312
0.294668
0.226336
0.658312
0.288543
0.5
0.190238
0.658312
0.288175
0.414214
0.185491
0.337909
0.319697
0.384272
0.204423
0.30767
0.507036
0.382313
0.6244
0.555807
0.280191
0.337909
0.337909
0.461989
0.19444
0.243792
0.15221
0.746425
0.284272
0.207043
0.699673
0.256144
0.51236
0.271378
0.310048
0.699673
0.30767
0.289988
0.280191
0.746425
0.354006
0.699673
0.126498
0.575246
0.405848
0.326401
0.159094
0.255959
0.34371
0.765601
0.299038
0.281818
0.23343
0.218282
0.276585
0.767767
0.299038
0.201441
0.416754
0.43146
0.395288
0.230807
0.22771
0.746425
0.289866
0.329341
0.274755
0.36663
0.302115
0.401747
0.228443
0.503176
0.24936
0.421296
0.354006
0.443376
0.637129
0.658312
0.346291
0.346291
0.276109
0.287851
0.443672
0.504604
0.658312
0.513826
0.5
0.409677
0.184581
0.242525
0.363852
0.658312
0.118942
0.648865
0.295918
0.65579
0.193198
0.296004
0.26111
0.242133
0.274755
0.696081
0.168076
0.375728
0.208014
0.707235
0.619408
0.765601
0.527935
0.458167
0.170435
0.192692
0.146264
0.387948
0.500017
0.647378
0.354749
0.180219
0.615549
0.0917907
0.746425
0.201856
0.277516
0.346291
0.339392
0.281294
0.514728
0.221758
0.567781
0.500686
0.612452
0.219341
0.446404
0.290377
0.332839
0.126179
0.658312
0.26268
0.305768
0.290488
0.294245
0.00430638
0.596658
0.658312
0.704793
0.156703
0.171759
0.32318
0.224745
0.658312
0.0839045
0.190238
0.19664
0.576099
0.182524
0.767767
0.165852
0.118644
0.658312
0.658312
0.326325
0.18899
0.767767
0.658312
0.30767
0.0955878
0.658312
0.658312
0.0665713
0.30767
0.658312
0.508758
0.280191
0.289591
0.293621
0.159103
0.19128
0.218063
0.0954655
0.201226
0.297031
0.18194
0.131906
0.301127
0.290614
0.437791
0.138744
0.69132
0.216299
0.744994
0.658312
0.025284
0.382821
0.767767
0.274755
0.658312
0.426172
0.318336
0.0806761
0.444511
0.256022
0.500857
0.487759
0.244997
0.210803
0.740562
0.414214
0.746425
0.525819
0.365921
0.746425
0.203572
0.157874
0.27575
0.344361
0.210867
0.135505
0.337909
0.277391
0.291212
0.603329
0.616516
0.658312
0.260791
0.120524
0.658312
0.370472
0.166345
0.658312
0.30371
0.30767
0.658312
0.30767
0.379004
0.658312
0.426185
0.658312
0.64987
0.299041
0.319343
0.354006
0.476497
0.0875343
0.631181
0.348669
0.564406
0.195046
0.658312
0.490394
0.280832
0.246909
0.375258
0.269953
0.310675
0.414214
0.0679636
0.726876
0.407583
0.105453
0.189621
0.238321
0.54379
0.333881
0.615891
0.649606
0.658312
0.180204
0.678667
0.303218
0.568206
0.692089
0.746425
0.658312
0.723228
0.270988
0.118034
0.409408
0.490618
0.30767
0.346291
0.346291
0.128481
0.72839
0.285542
0.414214
0.658312
0.565238
0.0930438
0.162602
0.217726
0.658312
0.118835
0.532419
0.221064
0.30434
0.658312
0.316033
0.0885053
0.658312
0.264242
0.256342
0.0851308
0.414214
0.355432
0.421603
0.419072
0.746425
0.12363
0.414214
0.765601
0.658312
0.0645332
0.746425
0.545603
0.658312
0.489997
0.539583
0.687554
0.324736
0.746425
0.152388
0.462319
0.271025
0.230436
0.280191
0.36729
0.658312
0.379024
0.346291
0.21397
0.500035
0.301286
0.765601
0.186987
0.190238
0.426966
0.196011
0.565064
0.174225
0.746425
0.0908023
0.416641
0.443376
0.240287
0.138197
0.397542
0.686858
0.337909
0.336057
0.664323
0.765601
0.169846
0.530306
0.3379
0.308502
0.136811
0.392206
0.160701
0.658312
0.767767
0.190238
0.150251
0.281549
0.0281367
0.139613
0.443376
0.350006
0.767767
0.312994
0.528017
0.286623
0.2305
0.500414
0.658312
0.282951
0.26192
0.30767
0.280655
0.0375028
0.746425
0.333395
0.145332
0.497133
0.676971
0.658312
0.23692
0.191119
0.283079
0.658312
0.665119
0.612452
0.658312
0.206945
0.295039
0.316858
0.746425
0.258533
0.418666
0.364183
0.104091
0.693111
0.375811
0.375811
0.658312
0.391429
0.137511
0.0664488
0.188612
0.281224
0.443376
0.318636
0.400565
0.277295
0.748573
0.254175
0.397542
0.0388701
0.273119
0.306113
0.327381
0.521384
0.622163
0.215543
0.354006
0.1484
0.123547
0.276779
0.232785
0.312871
0.133756
0.24216
0.336959
0.225025
0.0881922
0.604755
0.530306
0.190238
0.235184
0.346291
0.397542
0.337909
0.301453
0.538676
0.214914
0.414214
0.274755
0.280191
0.658312
0.767767
0.658312
0.166773
0.226242
0.238801
0.414214
0.191355
0.211548
0.119904
0.5
0.599339
0.157648
0.44977
0.281243
0.0276759
0.767767
0.699673
0.375811
0.200837
0.196512
0.188744
0.189789
0.699673
0.658312
0.296343
0.30767
0.746425
0.145062
0.368042
0.741049
0.274755
0.175508
0.190843
0.658312
0.204118
0.0564089
0.658312
0.285601
0.34371
0.658312
0.137692
0.381695
0.236801
0.168169
0.251812
0.414214
0.272804
0.172902
0.284084
0.36843
0.658312
0.375811
0.767767
0.190238
0.375311
0.370756
0.26989
0.658312
0.576219
0.274755
0.343565
0.25408
0.0703627
0.274755
0.414214
0.190238
0.371584
0.271893
0.767767
0.767767
0.565804
0.302575
0.293554
0.222287
0.746425
0.154625
0.421156
0.399128
0.19409
0.627889
0.173878
0.151394
0.195848
0.579639
0.338501
0.241556
0.605406
0.658312
0.272338
0.433364
0.506751
0.108868
0.376408
0.283722
0.305646
0.584298
0.285901
0.0900852
0.250008
0.157293
0.414214
0.177822
0.506839
0.658312
0.0647116
0.689508
0.274755
0.0788403
0.30767
0.687983
0.658312
0.658312
0.746425
0.746425
0.461374
0.211259
0.397542
0.658312
0.188811
0.502556
0.310935
0.30767
0.317862
0.0672911
0.354006
0.302758
0.658312
0.250463
0.337909
0.746425
0.194933
0.659824
0.278602
0.441008
0.741049
0.658312
0.355585
0.371826
0.471423
0.160506
0.274755
0.639204
0.337909
0.436146
0.235507
0.188655
0.21106
0.0905267
0.134704
0.441112
0.658312
0.176517
0.0376024
0.729525
0.658312
0.316748
0.375811
0.218777
0.316126
0.390505
0.162762
0.280822
0.746425
0.360302
0.267059
0.658312
0.414214
0.537413
0.658312
0.662078
0.767767
0.414219
0.6383
0.181893
0.15034
0.30767
0.315383
0.164024
0.494065
0.691425
0.42394
0.345034
0.419368
0.190238
0.250582
0.118055
0.475252
0.746425
0.448742
0.614266
0.261328
0.30767
0.280191
0.278331
0.425644
0.758833
0.130077
0.190238
0.658312
0.154821
0.320916
0.579885
0.275849
0.231172
0.38607
0.274755
0.30767
0.658312
0.338023
0.363405
0.658312
0.398505
0.658312
0.241952
0.488489
0.539565
0.433592
0.324581
0.225013
0.133777
0.574601
0.542189
0.658312
0.68061
0.274755
0.294138
0.658312
0.0740446
0.428812
0.12319
0.206875
0.285391
0.397542
0.375811
0.30767
0.713469
0.271025
0.280191
0.137083
0.280191
0.656477
0.301302
0.206325
0.746425
0.765601
0.73474
0.544741
0.443376
0.699673
0.119839
0.169887
0.762287
0.15511
0.212717
0.746425
0.5
0.270048
0.280191
0.30767
0.658312
0.658312
0.397542
0.182377
0.658312
0.190238
0.333761
0.194807
0.0825744
0.367379
0.234901
0.12783
0.283438
0.274755
0.0807478
0.528587
0.287333
0.658412
0.577386
0.414214
0.338504
0.0810797
0.0698657
0.312007
0.292998
0.337909
0.348907
0.288002
0.492593
0.337909
0.562654
0.699673
0.268586
0.173793
0.765601
0.166437
0.32192
0.383097
0.443473
0.658312
0.037018
0.095841
0.346291
0.667749
0.658312
0.188748
0.274755
0.179859
0.235613
0.746425
0.397542
0.527412
0.530306
0.190238
0.291609
0.21629
0.346291
0.169064
0.640755
0.668021
0.529987
0.30767
0.451308
0.658312
0.326516
0.346291
0.425654
0.5
0.346291
0.658312
0.275366
0.658312
0.263576
0.119665
0.660994
0.162261
0.205111
0.116383
0.746425
0.614
0.397542
0.14339
0.32267
0.131557
0.139565
0.765601
0.375811
0.33753
0.280833
0.343843
0.364612
0.0695371
0.145086
0.658312
0.658312
0.746425
0.30767
0.606083
0.279379
0.279339
0.658312
0.265716
0.365987
0.181604
0.250635
0.138669
0.274755
0.224745
0.211526
0.503452
0.443376
0.515686
0.164871
0.443584
0.677573
0.208045
0.295322
0.658312
0.22227
0.658312
0.303979
0.673229
0.658312
0.138348
0.354006
0.257422
0.169091
0.696297
0.340407
0.0983635
0.155704
0.658312
0.0470917
0.335109
0.212447
0.412537
0.481203
0.360186
0.231509
0.30767
0.321502
0.446511
0.530306
0.342704
0.316022
0.292216
0.130756
0.147289
0.186313
0.187428
0.208852
0.658312
0.292619
0.143506
0.164786
0.256309
0.338785
0.500655
0.746425
0.185719
0.113115
0.658312
0.213105
0.427791
0.18075
0.485187
0.185103
0.480315
0.746425
0.271602
0.49589
0.385924
0.278316
0.212557
0.191266
0.190238
0.494898
0.765601
0.339097
0.724013
0.188531
0.36925
0.34393
0.263672
0.414214
0.305598
0.248024
0.263466
0.658312
0.322167
0.545603
0.280191
0.503147
0.198487
0.187423
0.280191
0.208745
0.0599526
0.58632
0.644659
0.375811
0.212439
0.130245
0.233045
0.524651
0.0797015
0.58829
0.25
0.360611
0.18823
0.457738
0.218471
0.647398
0.696794
0.375811
0.232065
0.193649
0.658312
0.262565
0.658312
0.658312
0.658312
0.655153
0.658312
0.256963
0.746425
0.180038
0.767767
0.177641
0.395754
0.53982
0.19383
0.259431
0.15383
0.146778
0.347308
0.705901
0.375811
0.280191
0.640344
0.397542
0.739207
0.305538
0.397542
0.173138
0.576157
0.354006
0.187338
0.156498
0.230715
0.480941
0.228172
0.475706
0.285594
0.51558
0.658312
0.303601
0.531481
0.274755
0.74479
0.257316
0.658312
0.190238
0.139988
0.665195
0.503238
0.228844
0.504681
0.337909
0.183476
0.273501
0.719547
0.149804
0.245664
0.243559
0.767767
0.198379
0.262003
0.243194
0.443376
0.746425
0.295963
0.435339
0.167052
0.274755
0.308046
0.454572
0.165253
0.104437
0.661553
0.249494
0.767767
0.50572
0.397542
0.576146
0.367067
0.254343
0.427944
0.651919
0.432599
0.124347
0.383881
0.746425
0.28578
0.421244
0.658312
0.123517
0.658312
0.25
0.237551
0.262176
0.148953
0.433963
0.286662
0.658312
0.259133
0.28823
0.190238
0.187236
0.0657367
0.191501
0.0790571
0.349451
0.234862
0.275789
0.270966
0.371871
0.190238
0.354006
0.658312
0.394643
0.180813
0.658312
0.260534
0.310347
0.07825
0.147414
0.658312
0.658312
0.192382
0.658312
0.0786361
0.187243
0.371893
0.658312
0.2514
0.116314
0.224553
0.127749
0.302334
0.658312
0.210618
0.414214
0.260109
0.274755
0.332801
0.658312
0.262346
0.206709
0.658312
0.101582
0.767767
0.28493
0.375811
0.299038
0.417265
0.515612
0.49154
0.346291
0.304908
0.274755
0.443376
0.194898
0.45443
0.414214
0.193106
0.658312
0.143461
0.658415
0.0708191
0.337909
0.503075
0.658312
0.584298
0.617336
0.0906667
0.306438
0.359457
0.221815
0.210419
0.122461
0.259075
0.190238
0.318839
0.13889
0.198422
0.128321
0.371604
0.125991
0.573386
0.0231769
0.380343
0.346291
0.266908
0.190238
0.414214
0.190238
0.198679
0.414214
0.414214
0.261535
0.322175
0.557149
0.308708
0.173512
0.30767
0.387044
0.25589
0.663326
0.299038
0.148347
0.537558
0.318149
0.239391
0.163981
0.346291
0.157882
0.290233
0.0551775
0.658312
0.541198
0.691894
0.190238
0.0923159
0.417891
0.175073
0.125659
0.170814
0.327088
0.382452
0.299198
0.570719
0.347166
0.200842
0.259067
0.267656
0.146667
0.30767
0.658312
0.746425
0.232066
0.433731
0.125173
0.188807
0.159508
0.128676
0.528698
0.203
0.397542
0.518562
0.0993379
0.658312
0.274755
0.264614
0.27406
0.141688
0.658312
0.225424
0.545603
0.473556
0.375811
0.225223
0.5
0.767767
0.166434
0.223778
0.0791254
0.443376
0.658312
0.297509
0.658312
0.375811
0.133884
0.407168
0.414214
0.135914
0.337909
0.119578
0.508769
0.346987
0.166025
0.577022
0.127288
0.0391941
0.743079
0.0671117
0.121866
0.192513
0.062921
0.665748
0.160146
0.205255
0.137384
0.542836
0.302669
0.68073
0.30767
0.253681
0.187459
0.122091
0.276399
0.281566
0.349357
0.131771
0.436284
0.500358
0.174131
0.274755
0.231241
0.190238
0.658312
0.289618
0.209862
0.426505
0.283246
0.219903
0.658312
0.746425
0.0803942
0.281666
0.417509
0.658312
0.280191
0.346825
0.34154
0.276263
0.252301
0.746425
0.243045
0.658312
0.420933
0.271469
0.658312
0.362216
0.240297
0.767767
0.34502
0.559664
0.123214
0.533239
0.290171
0.224739
0.331603
0.333408
0.285976
0.375811
0.767767
0.482837
0.295723
0.130892
0.207764
0.477117
0.121429
0.699673
0.584298
0.408058
0.295461
0.337157
0.371162
0.338955
0.302279
0.344084
0.359467
0.318561
0.116169
0.172407
0.154216
0.193019
0.490238
0.765601
0.132378
0.401074
0.280191
0.153366
0.323076
0.492988
0.677046
0.283649
0.67822
0.658312
0.658312
0.280191
0.13208
0.440256
0.397542
0.611145
0.414214
0.562914
0.274755
0.413924
0.443376
0.0630476
0.127772
0.266779
0.500204
0.414214
0.443141
0.211155
0.156878
0.309584
0.181134
0.417093
0.30767
0.124448
0.641249
0.243796
0.268579
0.234479
0.544666
0.184699
0.297172
0.277876
0.658312
0.484201
0.280191
0.346291
0.767767
0.194022
0.658312
0.746425
0.135586
0.243961
0.115229
0.658312
0.635893
0.287149
0.591326
0.202849
0.190238
0.158399
0.192498
0.174543
0.196253
0.658312
0.0614439
0.274755
0.294289
0.170272
0.746425
0.765601
0.241235
0.354006
0.517577
0.298586
0.658312
0.30517
0.746425
0.30767
0.286658
0.23654
0.5
0.443376
0.101026
0.658312
0.388331
0.443376
0.376826
0.358664
0.398134
0.128879
0.157894
0.287294
0.658312
0.658312
0.658312
0.193108
0.23909
0.40519
0.3386
0.384703
0.658312
0.255421
0.280191
0.457738
0.313265
0.148178
0.161901
0.658312
0.359277
0.517343
0.470291
0.370809
0.266942
0.658312
0.139918
0.178773
0.510044
0.323922
0.242011
0.658312
0.190953
0.18205
0.353885
0.25817
0.146176
0.443376
0.658312
0.356742
0.180586
0.375811
0.658312
0.414214
0.505111
0.714828
0.194537
0.235523
0.219335
0.193899
0.265786
0.0824172
0.699276
0.346291
0.651886
0.346291
0.414214
0.658312
0.564435
0.24935
0.257691
0.658312
0.346291
0.5
0.262807
0.530512
0.65256
0.263345
0.658312
0.658312
0.280191
0.658312
0.207231
0.246331
0.286844
0.367005
0.746425
0.443376
0.446109
0.69355
0.398271
0.101826
0.457738
0.284124
0.375811
0.406416
0.667352
0.375811
0.354006
0.13319
0.63194
0.689019
0.321413
0.668235
0.138372
0.591604
0.35022
0.650932
0.179241
0.741017
0.276862
0.658312
0.309944
0.643369
0.364229
0.280191
0.167812
0.294147
0.658312
0.65841
0.166748
0.241067
0.182757
0.530306
0.0874634
0.658312
0.375541
0.476596
0.396308
0.664387
0.192841
0.159904
0.767767
0.216427
0.377016
0.274229
0.136283
0.28375
0.125638
0.149343
0.280191
0.211447
0.304865
0.539842
0.230549
0.0823064
0.375811
0.745199
0.133261
0.274755
0.570276
0.275969
0.252789
0.511537
0.346291
0.32614
0.746425
0.247107
0.316511
0.692467
0.374369
0.345813
0.346291
0.207867
0.277027
0.70382
0.584298
0.428241
0.219863
0.346291
0.746425
0.354006
0.346291
0.414214
0.374369
0.658312
0.263799
0.25891
0.347414
0.664546
0.146771
0.658312
0.225342
0.397542
0.616328
0.350702
0.530306
0.188492
0.767767
0.292748
0.359891
0.444297
0.328008
0.658312
0.0506012
0.0812028
0.658312
0.164798
0.122516
0.456878
0.263075
0.338538
0.184134
0.156482
0.5
0.375811
0.322518
0.22319
0.292731
0.142309
0.228205
0.143472
0.285533
0.658312
0.481835
0.30767
0.190238
0.658312
0.168892
0.424089
0.375811
0.387474
0.292812
0.144584
0.746425
0.189952
0.241315
0.658312
0.153125
0.530306
0.592743
0.214737
0.119466
0.306073
0.125848
0.480881
0.375435
0.234326
0.375811
0.527712
0.320143
0.280191
0.569742
0.519677
0.143004
0.504228
0.746425
0.248929
0.197285
0.116507
0.47315
0.480714
0.658312
0.658312
0.131833
0.337909
0.337909
0.322697
0.0113154
0.376377
0.658312
0.233079
0.746425
0.284127
0.301587
0.618972
0.274755
0.280191
0.190238
0.443376
0.658312
0.27035
0.285353
0.746425
0.143159
0.420116
0.374369
0.317203
0.479647
0.658312
0.682568
0.242108
0.286537
0.0883144
0.119273
0.692913
0.35244
0.467619
0.375811
0.265538
0.244489
0.198461
0.590136
0.145772
0.505367
0.274755
0.147821
0.164362
0.265209
0.541025
0.658312
0.337553
0.312924
0.378804
0.183614
0.139736
0.257383
0.337927
0.530306
0.274308
0.414214
0.521601
0.176862
0.375876
0.189933
0.0670069
0.15645
0.279368
0.366054
0.545603
0.531187
0.452342
0.658312
0.354006
0.658312
0.24512
0.421567
0.568572
0.386354
0.487831
0.280191
0.658312
0.557126
0.263196
0.390495
0.230289
0.658312
0.658312
0.501202
0.5
0.382373
0.195242
0.334553
0.673336
0.346291
0.33791
0.375811
0.24772
0.182449
0.12325
0.204133
0.564539
0.393773
0.205972
0.442891
0.524381
0.658312
0.274755
0.280191
0.265258
0.354006
0.530929
0.746425
0.349498
0.383417
0.314276
0.190238
0.290894
0.658312
0.171663
0.325957
0.545603
0.616793
0.398403
0.386649
0.368387
0.543977
0.337909
0.129457
0.167971
0.34608
0.299038
0.26566
0.144556
0.443376
0.0480446
0.304495
0.169024
0.264919
0.161045
0.336929
0.374068
0.767767
0.13262
0.182554
0.765601
0.198077
0.267538
0.658312
0.531747
0.280191
0.212902
0.450779
0.237625
0.211992
0.23103
0.397542
0.190238
0.699673
0.253067
0.408044
0.229326
0.414214
0.252717
0.462871
0.128367
0.129115
0.329927
0.658312
0.282284
0.658312
0.288449
0.213206
0.324027
0.295938
0.658312
0.470429
0.354006
0.443376
0.204324
0.264208
0.146487
0.285074
0.278573
0.246812
0.226034
0.346591
0.142768
0.0543887
0.42049
0.271272
0.337909
0.658312
0.036819
0.276818
0.658312
0.242439
0.658312
0.105562
0.440554
0.30297
0.414214
0.658312
0.5
0.518971
0.633754
0.185671
0.279619
0.432205
0.357547
0.375811
0.440356
0.117346
0.263432
0.658312
0.699673
0.767767
0.15784
0.201973
0.414214
0.658312
0.65722
0.345859
0.765601
0.280795
0.100961
0.0445186
0.236755
0.299038
0.478316
0.346291
0.30767
0.20327
0.767767
0.387031
0.346291
0.362761
0.27978
0.526462
0.541487
0.382646
0.177689
0.274755
0.178467
0.658312
0.185058
0.226663
0.280191
0.189482
0.205733
0.30767
0.509037
0.746425
0.658312
0.658312
0.191933
0.716719
0.222577
0.14022
0.660223
0.241156
0.37679
0.295429
0.658312
0.763115
0.273373
0.212893
0.297847
0.137814
0.658312
0.767767
0.658312
0.198054
0.267756
0.17469
0.289556
0.354006
0.658312
0.190238
0.280191
0.698108
0.375811
0.501165
0.658312
0.210321
0.44275
0.467491
0.746425
0.658312
0.414214
0.767767
0.337909
0.123699
0.321452
0.190238
0.427457
0.388338
0.765601
0.252493
0.56125
0.279632
0.37749
0.375811
0.280191
0.167988
0.521032
0.190508
0.64007
0.746425
0.236371
0.280191
0.552652
0.654512
0.20928
0.719213
0.199242
0.190238
0.658312
0.354392
0.14202
0.295417
0.0966263
0.767767
0.227423
0.133922
0.658312
0.277536
0.765601
0.501733
0.658312
0.765601
0.340937
0.466278
0.282548
0.634764
0.753769
0.658312
0.346291
0.375811
0.354948
0.414214
0.347511
0.136628
0.090595
0.184856
0.489217
0.173575
0.198605
0.189282
0.278172
0.174638
0.273596
0.18841
0.337909
0.224745
0.31791
0.658312
0.5
0.658312
0.250164
0.19583
0.397542
0.2334
0.658312
0.274848
0.374369
0.0528407
0.370837
0.746425
0.444643
0.304073
0.329192
0.545603
0.034519
0.244242
0.224345
0.414214
0.746425
0.229458
0.343595
0.518427
0.595576
0.167712
0.491278
0.375811
0.565733
0.699673
0.755421
0.658533
0.30767
0.746425
0.464766
0.423012
0.280191
0.326462
0.347966
0.508315
0.249728
0.708024
0.34765
0.363872
0.742847
0.253113
0.661866
0.472348
0.372901
0.211667
0.767767
0.648931
0.680094
0.243339
0.628099
0.232709
0.253119
0.138261
0.190238
0.658312
0.100777
0.233766
0.746425
0.280191
0.746425
0.658312
0.24514
0.150014
0.0705811
0.30767
0.265152
0.754384
0.424053
0.282355
0.359225
0.354006
0.379275
0.337909
0.291793
0.280191
0.31178
0.427975
0.214722
0.107498
0.296842
0.301469
0.658312
0.0629014
0.670956
0.30767
0.222339
0.375811
0.243333
0.658312
0.246489
0.416757
0.319514
0.409882
0.507853
0.375811
0.544014
0.658312
0.673774
0.342931
0.220088
0.658312
0.126904
0.138416
0.255115
0.134594
0.274755
0.276034
0.458695
0.463262
0.142454
0.613006
0.658312
0.354006
0.221077
0.414214
0.280191
0.357461
0.200843
0.123478
0.177894
0.346291
0.257904
0.414214
0.375767
0.0657045
0.563137
0.180967
0.266655
0.30385
0.62168
0.185825
0.6359
0.097567
0.658312
0.396362
0.375811
0.543174
0.274755
0.503983
0.30767
0.671948
0.577373
0.174921
0.250003
0.200131
0.217073
0.346465
0.681109
0.475347
0.658312
0.528582
0.221241
0.145344
0.174294
0.0755778
0.746425
0.190238
0.58827
0.354006
0.274755
0.222982
0.445611
0.235074
0.287519
0.190238
0.280191
0.0945952
0.368197
0.233872
0.712968
0.280784
0.152564
0.188686
0.405612
0.658312
0.109774
0.30767
0.378703
0.681729
0.414214
0.51451
0.292484
0.363938
0.363596
0.692023
0.447807
0.235511
0.283696
0.274755
0.235143
0.545603
0.503244
0.518162
0.299038
0.699673
0.185173
0.488607
0.448212
0.527761
0.414214
0.151708
0.169563
0.531332
0.231894
0.150019
0.767767
0.34371
0.235184
0.228773
0.617236
0.557779
0.430652
0.312154
0.397542
0.599995
0.741049
0.346291
0.237437
0.0436869
0.250356
0.699673
0.297993
0.605675
0.746425
0.606373
0.193899
0.11198
0.620466
0.274261
0.307745
0.370591
0.263834
0.529181
0.29211
0.658312
0.274755
0.248232
0.257521
0.0334194
0.152833
0.658312
0.30767
0.5
0.658312
0.658312
0.175286
0.317704
0.644866
0.171645
0.534888
0.658312
0.375965
0.248251
0.466794
0.0869054
0.273968
0.251143
0.242112
0.231819
0.278544
0.437983
0.739272
0.34371
0.746425
0.658312
0.0725517
0.374369
0.530306
0.269289
0.309154
0.612723
0.458725
0.372871
0.357131
0.658312
0.746425
0.338018
0.658312
0.699673
0.658312
0.337685
0.54676
0.280294
0.658312
0.346291
0.177661
0.361722
0.46615
0.508511
0.161229
0.594361
0.375811
0.336375
0.332905
0.413644
0.308378
0.431234
0.652731
0.443376
0.201323
0.480807
0.684998
0.218299
0.669849
0.658416
0.658312
0.496678
0.2673
0.586408
0.251495
0.331229
0.322906
0.699119
0.767767
0.62114
0.765601
0.746425
0.26906
0.361889
0.303904
0.188443
0.746425
0.40949
0.296422
0.107449
0.0761643
0.280906
0.274755
0.484519
0.397542
0.180191
0.375811
0.125158
0.270511
0.658312
0.178945
0.174891
0.365877
0.658312
0.682494
0.35168
0.536592
0.534875
0.337909
0.545603
0.746425
0.765601
0.54249
0.274755
0.354006
0.301295
0.118776
0.246789
0.767767
0.695872
0.496796
0.253187
0.500024
0.436311
0.658312
0.235833
0.200222
0.561318
0.346291
0.658312
0.498302
0.288389
0.274755
0.192482
0.495937
0.291315
0.463636
0.190238
0.193655
0.389495
0.038346
0.246344
0.337909
0.658312
0.414214
0.658312
0.186419
0.158219
0.658312
0.352123
0.658312
0.280191
0.335387
0.30767
0.658312
0.316463
0.294953
0.262414
0.16776
0.0392712
0.443623
0.311682
0.32308
0.165623
0.634709
0.658312
0.325933
0.224813
0.662191
0.688577
0.223305
0.765601
0.658312
0.715526
0.176702
0.239574
0.176758
0.251026
0.153286
0.30767
0.324397
0.298004
0.289261
0.300789
0.280191
0.285108
0.118141
0.230557
0.3692
0.284348
0.337951
0.164665
0.658312
0.402758
0.142735
0.699673
0.414214
0.190238
0.559376
0.312082
0.274755
0.280191
0.658312
0.309587
0.414214
0.658312
0.362675
0.727271
0.746425
0.21341
0.355586
0.618833
0.308226
0.135618
0.658312
0.281592
0.229013
0.228123
0.374369
0.12496
0.658312
0.658312
0.658312
0.306711
0.123745
0.126392
0.375807
0.506198
0.0596194
0.305153
0.408062
0.25049
0.191506
0.243411
0.146025
0.48113
0.357893
0.302249
0.644077
0.544748
0.209345
0.316808
0.265169
0.567741
0.155656
0.414214
0.746425
0.224519
0.20761
0.324297
0.0592169
0.658312
0.375811
0.658312
0.658312
0.237464
0.627536
0.123274
0.616193
0.317456
0.746425
0.30767
0.278985
0.287049
0.30767
0.149064
0.416198
0.355226
0.57802
0.192441
0.346291
0.500814
0.35617
0.295423
0.347916
0.658312
0.251571
0.653107
0.302231
0.658312
0.382829
0.341401
0.307888
0.136462
0.133975
0.254488
0.409273
0.337909
0.52402
0.118724
0.414214
0.0900331
0.165812
0.397542
0.746425
0.658312
0.360562
0.258692
0.632968
0.283448
0.415413
0.658312
0.154475
0.767767
0.0481789
0.311238
0.718085
0.190238
0.658312
0.342247
0.121241
0.242022
0.658312
0.164125
0.658312
0.746425
0.431999
0.202848
0.185779
0.658312
0.130759
0.658312
0.414214
0.30767
0.349492
0.669613
0.284905
0.765601
0.405786
0.746425
0.313398
0.734099
0.388886
0.545443
0.286151
0.27764
0.183672
0.191506
0.414214
0.589436
0.0945469
0.175394
0.527128
0.349155
0.190238
0.387297
0.658312
0.240129
0.0745557
0.613888
0.658312
0.280191
0.353689
0.461184
0.713216
0.746425
0.486691
0.658312
0.393875
0.118034
0.550609
0.414214
0.270756
0.0977795
0.443376
0.0712412
0.660953
0.443376
0.270782
0.658312
0.520145
0.375811
0.17808
0.271571
0.274866
0.545603
0.186335
0.593314
0.746425
0.190238
0.0923158
0.251706
0.746425
0.274755
0.256746
0.140759
0.443376
0.658312
0.414214
0.335888
0.346291
0.280191
0.17482
0.190238
0.139343
0.206329
0.29815
0.658312
0.543458
0.23275
0.30767
0.711327
0.190238
0.285317
0.50007
0.087165
0.265748
0.269697
0.765601
0.223013
0.658312
0.370144
0.22265
0.224745
0.432647
0.0399519
0.323461
0.234156
0.118034
0.699673
0.30767
0.337909
0.19842
0.337909
0.180401
0.281031
0.358306
0.345769
0.699673
0.258675
0.678432
0.279011
0.585579
0.280191
0.190238
0.665848
0.658312
0.346291
0.285001
0.190269
0.129349
0.746425
0.322151
0.414214
0.337909
0.307742
0.658312
0.288474
0.236568
0.186341
0.501214
0.712076
0.139083
0.261715
0.351166
0.658312
0.340598
0.30767
0.406832
0.414214
0.301999
0.340844
0.300675
0.151622
0.280364
0.413504
0.362207
0.658312
0.226209
0.414214
0.271569
0.375811
0.137108
0.190238
0.662691
0.249383
0.658312
0.245512
0.235357
0.381049
0.397542
0.443376
0.482292
0.700386
0.0359525
0.098289
0.285368
0.221463
0.293034
0.222573
0.274755
0.339855
0.176917
0.280191
0.346291
0.230976
0.658312
0.132703
0.468775
0.119074
0.746425
0.0927049
0.278859
0.301836
0.0690161
0.658312
0.605833
0.343426
0.379681
0.526776
0.512103
0.30767
0.530306
0.397619
0.375679
0.549689
0.346291
0.658312
0.571871
0.375811
0.280836
0.376682
0.443376
0.353244
0.402903
0.527031
0.620401
0.299038
0.658312
0.519456
0.391541
0.145723
0.545502
0.416181
0.186882
0.187125
0.299038
0.189001
0.386702
0.21212
0.746425
0.30767
0.673116
0.392312
0.346291
0.658312
0.386228
0.274755
0.746425
0.24927
0.268312
0.337909
0.658312
0.122082
0.658312
0.70387
0.369477
0.658312
0.167522
0.1266
0.250276
0.289041
0.274755
0.441449
0.300141
0.0786784
0.184851
0.0988665
0.182764
0.280191
0.200175
0.14229
0.191845
0.115649
0.465182
0.561812
0.558394
0.727678
0.415565
0.168844
0.658312
0.658312
0.309529
0.303389
0.767767
0.463343
0.186841
0.59199
0.354006
0.267005
0.414214
0.246173
0.699673
0.658726
0.209863
0.149542
0.256147
0.16385
0.658312
0.321193
0.280191
0.183497
0.150105
0.215983
0.443952
0.218481
0.743763
0.30767
0.614423
0.196444
0.332479
0.438466
0.658312
0.249876
0.658312
0.658312
0.374369
0.15436
0.157103
0.749971
0.699673
0.612452
0.623877
0.658312
0.30767
0.20742
0.119292
0.658312
0.294482
0.282671
0.272563
0.375811
0.650255
0.139712
0.333287
0.643313
0.0931848
0.272246
0.417077
0.141495
0.524048
0.123151
0.180851
0.380464
0.699673
0.142422
0.545603
0.354832
0.119004
0.280191
0.23186
0.354006
0.22352
0.0864496
0.291849
0.0941699
0.328816
0.397542
0.308712
0.0358384
0.246569
0.250623
0.374631
0.658312
0.332114
0.583432
0.656435
0.176674
0.414214
0.396028
0.584298
0.644889
0.337909
0.361996
0.567081
0.487038
0.746425
0.0734703
0.274755
0.30767
0.414214
0.67255
0.0916577
0.375811
0.301422
0.131498
0.230204
0.33917
0.639162
0.2468
0.489395
0.25437
0.414695
0.19758
0.237795
0.246065
0.342423
0.13304
0.183262
0.658312
0.307956
0.0818173
0.286956
0.227392
0.658312
0.180729
0.658312
0.530306
0.415636
0.413224
0.454631
0.337909
0.259725
0.280191
0.397542
0.658312
0.414214
0.444789
0.118436
0.767767
0.340075
0.224046
0.545603
0.767767
0.274755
0.271904
0.279087
0.24669
0.658312
0.765601
0.245582
0.618739
0.30481
0.456224
0.206944
0.302079
0.271805
0.297211
0.767767
0.204178
0.5
0.699673
0.317671
0.30767
0.658312
0.236926
0.52867
0.333509
0.658312
0.104812
0.235412
0.218017
0.765601
0.658492
0.569909
0.338128
0.375811
0.351425
0.649404
0.658312
0.101453
0.271713
0.767767
0.27727
0.252634
0.332596
0.250993
0.381141
0.107957
0.238124
0.345984
0.765601
0.297567
0.256475
0.612452
0.337974
0.414367
0.593334
0.394013
0.225624
0.134172
0.746425
0.163138
0.658312
0.0855271
0.481187
0.126772
0.328834
0.733983
0.219265
0.414214
0.147493
0.273807
0.336796
0.132464
0.658312
0.746425
0.309692
0.64232
0.0401508
0.129499
0.326622
0.224817
0.519298
0.432712
0.614281
0.767767
0.746425
0.746425
0.457738
0.253418
0.740949
0.467373
0.466912
0.406619
0.351362
0.190238
0.384238
0.245307
0.746425
0.223934
0.689192
0.167856
0.470455
0.309848
0.347623
0.658312
0.658312
0.274755
0.143657
0.443376
0.414214
0.24773
0.275456
0.36084
0.118034
0.369069
0.658312
0.433376
0.0460439
0.424015
0.283609
0.258576
0.298253
0.410623
0.18568
0.192455
0.400617
0.228687
0.746425
0.375811
0.367258
0.658312
0.573642
0.746425
0.430842
0.210807
0.308138
0.531545
0.375811
0.262753
0.193078
0.064443
0.19032
0.153256
0.746425
0.133677
0.224745
0.136112
0.616565
0.523346
0.663945
0.299038
0.338563
0.188832
0.30767
0.346291
0.658312
0.375811
0.266433
0.444361
0.131937
0.302585
0.588078
0.479739
0.459966
0.678485
0.658312
0.344122
0.211649
0.545603
0.658312
0.397542
0.0675759
0.277517
0.414982
0.280191
0.572574
0.539278
0.30767
0.336721
0.692296
0.443439
0.286019
0.173999
0.621272
0.333547
0.309642
0.266654
0.742548
0.135054
0.375811
0.767767
0.414214
0.299038
0.293761
0.434684
0.124805
0.299038
0.186209
0.191068
0.752486
0.767767
0.337165
0.206881
0.658833
0.413223
0.295332
0.58919
0.530306
0.439567
0.24153
0.691224
0.283808
0.267024
0.148053
0.658312
0.746425
0.767767
0.0603893
0.443376
0.589411
0.320369
0.658312
0.316508
0.280191
0.414214
0.212056
0.197613
0.257235
0.375649
0.765601
0.558782
0.658212
0.188569
0.320475
0.658312
0.137548
0.506863
0.620984
0.658312
0.27932
0.357687
0.658312
0.274755
0.3694
0.746425
0.414214
0.254098
0.459067
0.280518
0.130285
0.0818435
0.224046
0.724013
0.49514
0.658312
0.338501
0.338945
0.243473
0.400388
0.351759
0.0748897
0.39225
0.414214
0.0949064
0.205055
0.658312
0.507192
0.346291
0.30767
0.528561
0.259432
0.746425
0.249752
0.658312
0.280191
0.375811
0.728482
0.658312
0.144148
0.288193
0.482091
0.0704024
0.658312
0.658312
0.509888
0.498888
0.502792
0.157818
0.51382
0.765601
0.5
0.132379
0.304368
0.612452
0.767767
0.299038
0.565639
0.767767
0.445627
0.354006
0.197134
0.190238
0.36226
0.604954
0.14948
0.337909
0.658312
0.243122
0.180202
0.280191
0.458638
0.684886
0.658312
0.560041
0.488754
0.354006
0.658312
0.545247
0.708012
0.357394
0.440069
0.509855
0.719547
0.765601
0.246328
0.246375
0.228753
0.699673
0.190238
0.201969
0.0774716
0.225351
0.215322
0.168397
0.363045
0.33298
0.348806
0.346291
0.165974
0.278076
0.285763
0.249462
0.450584
0.404182
0.506625
0.658312
0.121165
0.28998
0.767767
0.195191
0.497345
0.374369
0.251076
0.658312
0.385718
0.503814
0.114095
0.361198
0.454327
0.346291
0.337891
0.278558
0.479859
0.28685
0.256626
0.526746
0.623698
0.425146
0.509732
0.658312
0.346291
0.151136
0.658312
0.261761
0.599141
0.375811
0.613865
0.364391
0.763309
0.344872
0.755012
0.658312
0.658312
0.194813
0.568669
0.335762
0.0801256
0.414389
0.346291
0.225073
0.658312
0.13303
0.188627
0.274755
0.531077
0.0993466
0.206461
0.12612
0.658312
0.256634
0.292704
0.658312
0.337909
0.157106
0.270008
0.24275
0.176601
0.0963476
0.307604
0.394989
0.38455
0.346598
0.0872351
0.228136
0.733524
0.505671
0.374369
0.179318
0.5
0.65512
0.100851
0.521892
0.664501
0.414214
0.746425
0.160525
0.220168
0.298652
0.234696
0.179429
0.658312
0.287854
0.577764
0.746425
0.650412
0.616626
0.456127
0.612951
0.475965
0.127743
0.658312
0.767767
0.259587
0.286811
0.358213
0.382238
0.767349
0.560834
0.539715
0.366997
0.249118
0.658312
0.260872
0.658312
0.274755
0.672961
0.6647
0.292416
0.514426
0.170007
0.767767
0.0523482
0.765601
0.767767
0.750023
0.208239
0.710631
0.732175
0.195534
0.261282
0.443376
0.285247
0.281388
0.104972
0.084734
0.530306
0.213137
0.313248
0.765601
0.299038
0.658312
0.337121
0.314894
0.299038
0.348236
0.289069
0.658387
0.118677
0.39625
0.150372
0.136043
0.395843
0.267946
0.767767
0.414214
0.280191
0.658312
0.147849
0.353081
0.484148
0.67473
0.323841
0.226795
0.15923
0.511432
0.157278
0.436901
0.42669
0.671693
0.531818
0.219696
0.375811
0.375811
0.767767
0.443376
0.767767
0.282336
0.139168
0.294699
0.671146
0.658312
0.350166
0.425234
0.176895
0.56123
0.443376
0.658312
0.459212
0.00925767
0.629853
0.584298
0.274755
0.30767
0.118238
0.658312
0.307849
0.346291
0.279996
0.658312
0.658312
0.658312
0.0797902
0.375811
0.109186
0.409579
0.190238
0.202494
0.280191
0.658312
0.337909
0.174796
0.734013
0.19951
0.0311721
0.272316
0.767767
0.765601
0.293162
0.0934277
0.379216
0.375811
0.764631
0.346291
0.280353
0.658312
0.274755
0.354498
0.280191
0.274755
0.658312
0.274755
0.658312
0.305163
0.074109
0.277383
0.49544
0.0646727
0.746425
0.388756
0.530306
0.274755
0.20497
0.37189
0.414416
0.658312
0.250192
0.337909
0.746425
0.280191
0.349278
0.375811
0.582161
0.258611
0.580337
0.658312
0.701013
0.300915
0.21881
0.592946
0.598491
0.658312
0.30767
0.248991
0.658312
0.346291
0.765601
0.0844374
0.273999
0.199311
0.535615
0.228867
0.0739629
0.182822
0.359881
0.273012
0.30767
0.176677
0.197807
0.0415685
0.470504
0.354006
0.443376
0.290155
0.68693
0.274755
0.5
0.346291
0.658312
0.658312
0.658312
0.30767
0.396289
0.613327
0.443376
0.221017
0.280191
0.346291
0.397542
0.143854
0.14912
0.14644
0.291214
0.254713
0.092545
0.521564
0.662434
0.280191
0.414271
0.280191
0.130438
0.267225
0.29736
0.466572
0.414214
0.288671
0.155176
0.15944
0.767767
0.0203924
0.320803
0.144361
0.414214
0.658312
0.421313
0.746425
0.373015
0.261648
0.30767
0.336623
0.216157
0.220968
0.28713
0.0333598
0.271241
0.237405
0.280191
0.254325
0.2815
0.0611883
0.318276
0.641305
0.432945
0.346291
0.343443
0.417441
0.460046
0.397542
0.172866
0.381508
0.294907
0.375811
0.304772
0.374866
0.336082
0.532449
0.282471
0.284671
0.7201
0.658312
0.658312
0.375811
0.27352
0.375811
0.767767
0.351991
0.180001
0.658312
0.261777
0.530306
0.419763
0.201767
0.239453
0.58799
0.15055
0.669897
0.398333
0.514756
0.028536
0.181503
0.190238
0.501577
0.579338
0.375811
0.37369
0.344736
0.0602049
0.2354
0.265095
0.746425
0.157546
0.646336
0.322353
0.30767
0.699673
0.149029
0.280191
0.201451
0.588616
0.274755
0.500431
0.767767
0.658312
0.270261
0.291385
0.765601
0.0140594
0.234002
0.724013
0.291542
0.130769
0.348118
0.698261
0.0761538
0.500081
0.658312
0.658312
0.536994
0.280191
0.30767
0.688914
0.436299
0.354006
0.724013
0.658312
0.457738
0.281792
0.350366
0.148964
0.0782112
0.233865
0.273908
0.527541
0.224745
0.225404
0.533922
0.309003
0.61952
0.271857
0.188785
0.5
0.740749
0.274755
0.29563
0.658312
0.658312
0.128235
0.055784
0.107592
0.274755
0.525869
0.274755
0.537023
0.658312
0.533927
0.3495
0.627133
0.36371
0.699673
0.306846
0.230262
0.602709
0.137506
0.28813
0.613875
0.322846
0.244354
0.123711
0.297834
0.234943
0.660287
0.658312
0.658312
0.568549
0.428558
0.658312
0.202461
0.299928
0.658312
0.280191
0.38652
0.280191
0.658312
0.185787
0.155345
0.354006
0.169655
0.484214
0.337909
0.356006
0.658312
0.180852
0.453706
0.234798
0.0552931
0.198366
0.291567
0.0911904
0.375725
0.239808
0.342824
0.282475
0.478156
0.603699
0.746425
0.206253
0.226535
0.765601
0.25729
0.741166
0.346291
0.211728
0.354006
0.675296
0.457738
0.539048
0.127763
0.239599
0.51789
0.0750665
0.658312
0.765601
0.257136
0.274755
0.141482
0.767767
0.280191
0.363091
0.658312
0.258863
0.207625
0.330225
0.366317
0.33331
0.161171
0.386718
0.18259
0.240396
0.321607
0.185164
0.212938
0.148746
0.190238
0.623192
0.528115
0.375811
0.264896
0.658312
0.594384
0.2003
0.360144
0.209352
0.155941
0.274755
0.374369
0.27353
0.736331
0.465577
0.746425
0.414214
0.63665
0.243888
0.0979812
0.658312
0.767767
0.338774
0.202328
0.224745
0.767767
0.658312
0.464386
0.263086
0.35032
0.225489
0.658312
0.580779
0.173236
0.658312
0.658312
0.558211
0.361476
0.699673
0.414214
0.423737
0.299038
0.257131
0.321722
0.658312
0.231503
0.658312
0.235453
0.146326
0.160972
0.397542
0.176295
0.264909
0.338566
0.354006
0.299038
0.414214
0.459805
0.660937
0.746425
0.754504
0.190238
0.326493
0.658312
0.35088
0.658312
0.397542
0.190238
0.125491
0.337909
0.350977
0.332886
0.510258
0.14557
0.658312
0.257084
0.316929
0.244499
0.0172995
0.425192
0.142533
0.190162
0.26815
0.617649
0.55109
0.658753
0.767767
0.202787
0.629187
0.323854
0.454333
0.164371
0.218347
0.332667
0.658312
0.746425
0.573527
0.373536
0.658312
0.245681
0.31957
0.161391
0.658312
0.658312
0.285659
0.473095
0.0629115
0.30767
0.134886
0.269295
0.346291
0.558889
0.724013
0.425734
0.269559
0.174556
0.245181
0.147536
0.368803
0.362897
0.336355
0.137293
0.259505
0.300315
0.157938
0.17913
0.095013
0.382216
0.481619
0.5
0.165336
0.611288
0.30767
0.405715
0.248564
0.184421
0.346291
0.280191
0.5
0.183582
0.280999
0.285944
0.0321702
0.4853
0.122425
0.658312
0.159694
0.260202
0.244526
0.264638
0.222532
0.274755
0.135675
0.375811
0.0453821
0.149335
0.225704
0.658312
0.658312
0.278755
0.280191
0.67201
0.354006
0.061274
0.544385
0.339956
0.658312
0.519823
0.259114
0.658312
0.176473
0.292721
0.161502
0.119706
0.301682
0.732805
0.193716
0.692652
0.265277
0.307897
0.335905
0.159215
0.249331
0.346291
0.280191
0.658312
0.242182
0.658312
0.66949
0.375811
0.0338078
0.699673
0.299038
0.734764
0.300473
0.280191
0.443376
0.658312
0.658312
0.18278
0.741049
0.154672
0.414214
0.109841
0.33784
0.5
0.700371
0.375811
0.279803
0.354006
0.269901
0.414214
0.464245
0.138801
0.502688
0.274755
0.658312
0.233142
0.584298
0.301039
0.303951
0.118771
0.658312
0.0345591
0.5
0.449444
0.302977
0.765601
0.206976
0.205991
0.295356
0.125903
0.0988434
0.276256
0.746425
0.375811
0.287007
0.718873
0.414214
0.281903
0.274755
0.131529
0.28732
0.337909
0.375811
0.375811
0.354906
0.526468
0.424229
0.402892
0.291175
0.274755
0.125046
0.679364
0.197615
0.303902
0.699673
0.280191
0.118034
0.190238
0.274755
0.301655
0.375811
0.191464
0.34371
0.115876
0.746425
0.699673
0.295432
0.526961
0.224745
0.337971
0.540233
0.511212
0.15247
0.561823
0.137244
0.283916
0.30767
0.765601
0.346291
0.341452
0.429774
0.197508
0.183756
0.223903
0.40881
0.274755
0.346291
0.658312
0.188723
0.675505
0.746425
0.658312
0.326745
0.194107
0.375811
0.463403
0.246325
0.397542
0.658312
0.332674
0.470581
0.325216
0.346291
0.0343221
0.658312
0.450606
0.746425
0.200128
0.189651
0.699673
0.276168
0.330277
0.640058
0.175562
0.588497
0.274755
0.283941
0.511907
0.658312
0.658312
0.274755
0.765601
0.355079
0.288037
0.468269
0.249817
0.312656
0.746425
0.337501
0.199857
0.348339
0.355783
0.337909
0.220432
0.741049
0.464429
0.278342
0.552073
0.0768691
0.175512
0.146739
0.308368
0.447914
0.281729
0.555032
0.658312
0.0765578
0.524674
0.177764
0.370755
0.658312
0.185371
0.227559
0.374369
0.5
