1 6.178456887553438 5.513396262686592 3.5110919866704493
2 6.491381573557423 3.6575041885717186 1.7274572749984607
3 8.619032460658879 5.15646653234831 9.36567236953531
4 6.319305469635527 1.7967980851904397 7.70307768750499
5 1.157810356163398 5.805265793085782 4.145389116522439
6 7.635934048763449 0.04221380967748045 4.924044597369026
7 9.09671711539375 6.576748229072771 9.123465573805662
8 7.729787507268239 7.498024070601865 6.411160789075273
9 2.9563228201471112 2.910501056055134 7.262538085938402
10 2.8160760092641146 4.62195548454908 0.23087810214828863
11 2.714299834431829 1.1734863458956213 5.2639982030061
12 7.45847303160437 4.608222964280474 8.915104857439836
13 8.359308245738308 2.1284484157557495 1.2144952354288263
14 8.383708095218179 1.3803980380394898 7.774277189432111
15 7.740594558950758 8.108891810888974 9.222728538023631
16 8.391941823045464 5.589528411593197 7.448478371732824
17 7.281598479053359 6.405350539723055 0.17504855181408652
18 0.8366090298433249 1.644211294393495 6.1398456816431235
19 2.7649579621419926 1.607559865637117 7.202720637111177
20 6.641415967679256 1.8536595664204425 0.8263353023258135
21 2.0560732228071785 2.308918548775293 1.4889944306476022
22 6.949551593255473 0.7780958705772312 9.64953746736343
23 0.14950306326752205 9.634880611293754 7.085261390557854
24 7.813265866172703 7.452979853462635 0.06267130703934587
25 9.090298670675095 6.703758024615015 5.523488009034231
26 4.898730941509708 2.1043866144496293 7.744385411759528
27 0.2880070259939682 2.5486450732506603 4.481405141988532
28 4.245068645252993 8.370033619733855 6.898870992063879
29 2.852344938982797 3.127533573019965 3.1769386407638986
30 3.6502429910158063 1.3026912478924357 2.5965292770643087
31 9.699296045891476 7.40705079361782 1.3930825950688008
32 8.062108460589792 1.0894556793743748 9.816291690436648
33 2.8245693019641074 9.473323596137389 0.6976086989313768
34 7.469245656365259 4.340121362672848 6.997755298484311
35 9.544239389066464 3.6616565348722863 9.891880527197138
36 0.6338247612992964 7.1294691065452565 3.050265115664149
37 3.562089653304479 1.5976456540979267 4.236946099463168
38 3.3435799627826803 4.833486536362329 2.521864444022084
39 8.709954733731312 8.459650502483498 2.2084300732000073
40 1.1612521685606314 3.2866756381321425 1.7428414022006455
41 7.51816914663325 1.865546614074749 4.229234503134921
42 1.0623130462694141 7.994556050019666 0.15737743222881906
43 8.070629180891158 8.228706162290905 4.037109495123689
44 7.715481680700532 9.128564969889899 6.369839819657706
45 3.820204553563001 8.26164821992579 9.190082367047314
46 1.2905103152747 2.622767968268379 5.9026680131198885
47 1.1741963592332927 6.992652674308701 0.2634268006136131
48 6.07696057807236 6.938844786094318 2.954713601488451
49 5.034418887344993 9.29240992565025 2.928480908143636
50 3.9419135325086794 3.054479465632398 7.762435056599486
51 0.9914736993699336 8.17196656163164 3.9029020249432875
52 8.443884122301784 5.138651959933354 4.8993822779979865
53 3.961589534590132 2.6612312827707196 1.8628976910306383
54 5.849405384615947 4.748479038326887 8.946866988220458
55 9.06047044275695 9.351623608633776 1.504374554112381
56 6.881277034183193 8.350653376965889 3.715804160700622
57 0.04994206971657866 0.7094475946434409 2.8514945880475606
58 3.2223545752766847 4.05358347498094 9.961748089305067
59 7.935348759401243 4.232131479150606 2.40068891804067
60 7.622057013440397 7.634366863785055 1.3887961886907862
61 4.377131117213812 7.891274622137176 4.199545844331356
62 6.744210782209537 8.351120767191102 7.052048638867284
63 7.727472186163551 7.001525688568789 7.955133297722778
64 4.5178858746068755 7.585118977869856 9.743634972551655
65 2.754196969591117 6.423986142557938 2.8670756673003526
66 5.4567429801107785 3.515086384915429 4.466013443260968
67 6.447585768117859 7.382161139911009 4.8467697674817085
68 3.394603812896496 6.982696506251918 5.305790893983637
69 9.621294493121251 8.28313316836942 3.156008754862677
70 7.528260457543109 6.467249000997091 9.427295802336124
71 8.795580005215871 7.95751399392565 5.653104346149684
72 3.9976137409624215 1.3370461849218362 5.916578493621439
73 6.923253517283646 9.618797922826317 8.001581395631083
74 9.853225151315586 5.178103866699747 2.186957175530473
75 4.60513146465698 4.6534697849796345 4.857871462043963
76 2.600728973942046 9.715631375934228 3.552541485996845
77 1.6698460530598191 4.049966684225237 7.482851022268253
78 0.3884177982535275 0.043100146393645344 3.9119773784083023
79 0.9886415734498699 2.8976700430123237 2.898349704826919
80 9.930931152345616 6.834555486797526 3.1003735952307263
81 7.582680650525888 9.979783799212974 1.2923939593908762
82 4.739045250703252 5.199510070171086 1.0809152181705828
83 7.183121535644521 4.033251537952896 4.094929405311571
84 8.945549301665562 7.999430727124256 0.1864343028069071
85 2.58249082086465 0.8619977357053688 2.207651890784903
86 1.515371001614616 7.519360901919871 1.319145724887364
87 0.221664980060855 5.8731235685365055 7.3182520330375835
88 4.496944477964968 6.8038670402576695 7.162507056342292
89 1.030648540248248 6.2510728536547315 8.753733088872922
90 5.4936963058605475 5.901931669982781 7.5283229890198164
91 6.600881187436814 4.967914380919845 5.133892589408314
92 1.8733682075008506 2.251521015711732 6.85385817750869
93 4.2211818039842575 5.929501759375913 9.975891990415718
94 2.420302994448992 6.044125895268295 1.087428554966935
95 0.12485845332346424 2.859617329093287 0.16998040761663114
96 3.2645059420590417 7.764671016526625 0.6936168159261513
97 0.09665049503169709 5.468533815985234 4.216825197274886
98 1.6721182477571672 0.02924462835104169 7.77501997882969
99 5.865480565611097 0.23338222444009182 9.898253370790941
100 9.18708279731514 6.390411163801581 1.2225309152754993
101 0.9238013947329871 9.186588838875705 9.307824933714539
102 3.12101482427381 8.349167319074736 7.185082083550469
103 7.654762329798681 4.580237368133168 5.979747071550225
104 1.3467715598478502 4.094330269904043 3.0107063276897006
105 5.361223718635207 5.585836130209241 2.344059974050916
106 5.056125092309497 2.8198800523222167 1.3125385773288278
107 1.9578279249929076 2.5637981388597 3.1185895308185616
108 0.04638087705871374 1.431402594855029 8.469444704871984
109 4.896865113178755 3.4338861047253055 0.06936662176312058
110 2.8999800393900577 4.987546868358365 7.990999930404511
111 2.276152424243815 6.260422731803339 7.787415725619066
112 1.4720907856350307 3.5420062985523657 9.916043824574754
113 4.09684872668827 6.43126165602021 2.527051112784331
114 4.49194018420234 5.128263089274842 6.827238654732536
115 1.7896377750403036 9.503543168562016 1.4896123350623525
116 3.781839421973184 8.71526524232727 2.9767365520861535
117 0.0965566807510887 9.62037503321172 1.9035489884379508
118 8.012255199160979 9.606547574139817 8.515847379597577
119 2.4974283552011203 5.754049727614947 5.55620783771844
120 1.72766343082022 9.195462759502908 3.2863872387088
121 9.688898733724304 7.272399282237021 6.565506837583132
122 9.186664603686424 4.643818030189736 6.876187080364743
123 1.9395471508749962 1.167852246458967 0.2831441470726337
124 0.1527116135238471 5.038088920588548 2.8891018801676562
125 0.7997473498819541 5.085142725319967 0.23752293552765535
126 2.5604385272139094 9.776645597939396 6.727389277721862
127 3.3657115036514162 5.5626036412458895 9.364743586517518
128 8.283619400193897 2.7061444162285464 9.988850311348024
129 7.967214623262418 2.9753263081679435 2.7296633948203164
130 2.2900413954792063 7.624747689907283 9.232868906037575
131 9.975857524364992 5.916810350022002 7.988410564914862
132 9.470418409786879 3.815655640122002 8.744420328469277
133 6.161410416526772 1.7024262862550132 6.591407394360975
134 1.5220684557824549 1.3864407401437662 2.1526846797435892
135 6.62431847645058 9.553048617037671 9.540458226719256
136 6.485840384668147 6.582836585942019 2.0873871825810966
137 9.174349284797028 6.309787406912534 3.9836028344121344
138 6.38429138583105 2.068001507647965 3.6839231263423433
139 7.988292707056852 2.3795553650553947 5.89846302783411
140 2.9309010661757817 0.3326318960258945 0.869728012549249
141 0.7573827904283392 4.333613379439112 8.60257508027623
142 2.269220734461804 2.747378677024926 0.17439013900167888
143 3.380207502933783 2.079231836549539 8.75797512362832
144 3.8583307296860103 2.544491692020454 4.6915410414794945
145 2.1271697203952566 4.451037668817955 8.661596686582559
146 4.763701042940588 4.0697336305651195 3.674459587617196
147 1.0447864266768803 9.672700948900104 7.707453728546162
148 8.490389723346215 0.2601086022874177 7.901463361901166
149 8.810297367196206 5.346513407249288 1.6503010223910175
150 9.818761090513014 1.9909133722409789 2.954787302561903
151 9.43341653039577 1.0354217392872633 7.12858173626845
152 0.4121767591445613 1.3511614872580469 1.717218832871158
153 0.38608788003199 9.263455222448789 0.5670765580005799
154 0.6831703053717986 7.055477812522659 9.62848978419803
155 6.074202526425755 6.627793499748735 8.496735029814573
156 7.637642469351098 4.798716700334799 0.5399397307207321
157 5.301682628795224 5.724644614366148 6.340839906485182
158 3.134231516141024 3.4101016553690155 0.1644496671803075
159 1.2985878603764323 7.226355056407253 8.437118386538744
160 8.787493802118062 0.872223561788974 6.223040292300011
161 4.558608849152845 4.812411636995179 8.888425404532507
162 0.5827133039905241 6.028284545651132 4.958114359265179
163 5.734331670187264 1.2878145527438678 0.9091043758476003
164 1.7769927420861698 0.6658943889784941 6.64023839647114
165 3.2286302034833634 7.177668750458243 6.528264505064186
166 4.270473645763207 0.8619511741250319 0.7761952005407946
167 4.741570044416633 7.702236600406839 2.4571026572900525
168 4.422930015656025 5.24032528642505 2.1740039273532252
169 0.06765038441606253 3.7668480056768185 4.792316577861865
170 1.257472067886397 2.71490912317962 8.047665924425532
171 1.0781274497651672 0.2968154738411255 2.225893323774862
172 2.691167860504459 4.249242822730847 1.282694312024717
173 6.8070318731824635 2.4516413696336556 8.834202474365672
174 1.6406749426043277 0.6923471464326214 3.7093513156157787
175 4.0446844301648 5.630452744462828 0.4098313676281995
176 9.570224081274098 8.477825591852653 0.9291126559736784
177 2.1606677033318524 5.154287259252104 4.5334504798504796
178 7.772453362486634 4.330844575135796 9.849502033989328
179 1.5020926120100542 9.410122786505635 6.6595754837034
180 2.801167897071867 0.35505185500865344 6.464983740839873
181 9.433489424676278 3.3105430396866486 0.09850686573255385
182 4.977580947911444 6.481027057731037 3.5800777844841325
183 5.8781053199252025 9.102027241693115 5.827807388225636
184 0.3122442181591356 0.11165164940880046 5.621999879850229
185 5.5472236315732015 4.0071210270235085 1.6759071474476106
186 9.526934049479774 1.4573773559855308 3.835421630171958
187 6.3758572612287505 3.6863716911356437 9.934481023904757
188 1.2977776161874865 7.638626092542687 4.8107147167296525
189 6.760613422826301 0.10553732413450256 6.500692688969498
190 6.23749531787118 5.076744749470908 1.6602523521792312
191 1.3829570567243044 0.2878716489913147 5.699406489830169
192 4.929336950644893 8.152565957012545 1.0864950501910964
193 5.4568778274048295 2.9586852520261706 5.350950190414483
194 5.642115357198225 7.64150775977029 8.182567408666193
195 0.8761947847559137 0.7359543157161863 4.892667546298418
196 5.639907603357611 0.6727238943346403 6.902855282611213
197 8.104551948746925 8.932011806387273 1.0587613055760403
198 3.8349734051687334 7.139948172129431 3.573342897227003
199 3.876277865129225 0.04809390688041981 3.0738439671562667
200 8.886316818330336 9.058380861407212 0.128299260429664
