10 1.0000000000000000  0.0000000000000000  0.0000000000000000  209.42832027382886  804 60000 51262 1.9987881172567028  5.6005833270267313E-003 1.5803830412946214  1.9987881172567028  5.9381353382791514E-004 0.14563333333333328  2.23500002E-03 2.10001599E-05 5.33795118  1 60 0.0101432800292969 0.0135383605957031 0.222621440887451
20 1.0000000000000000  0.0000000000000000  0.0000000000000000  418.85373726472608  1668 60000 52082 2.5115132065393118  3.3575056193623221E-002 1.8438530690449386  2.5115132065393118  1.2381572736294129E-003 0.13196666666666668  5.02100028E-03 3.70000489E-05 11.2812290  1 60 0.0102813243865967 0.017531156539917 0.274034976959229
30 1.0000000000000000  0.0000000000000000  0.0000000000000000  628.27805844361853  2484 60000 52785 2.9277299766042839  1.4727395643942653E-002 2.1364919399609148  2.9277299766042844  2.0518053134229199E-003 0.12024999999999997  7.97899999E-03 6.30002469E-05 14.6462030  1 60 0.00904011726379395 0.0209777355194092 0.334351778030396
50 1.0000000000000000  0.0000000000000000  0.0000000000000000  1047.1247484108387  4044 60000 51341 2.3106791489058551  1.1173711196870606E-002 1.7456418730264569  2.3106791489058551  9.9156960904673783E-004 0.14431666666666665  1.17619997E-02 7.50003383E-05 18.3404217  1 60 0.00991988182067871 0.025662899017334 0.405032157897949
100 1.0000000000000000  0.0000000000000000  0.0000000000000000  2094.2349806406419  8052 60000 51175 2.5810199379869414  2.3180662653016659E-002 1.6628932003201056  2.5810199379869414  9.7014438271982094E-004 0.14708333333333334  2.32970007E-02 1.68001279E-04 26.1255074  8 60 0.011760950088501 0.0444443225860596 0.576362371444702
200 1.0000000000000000  0.0000000000000000  0.0000000000000000  4188.4409291204684  16080 60000 51396 2.7570276347266862  1.5506675730700969E-002 1.7493079525799331  2.7570276347266862  1.3870042605266873E-003 0.14339999999999997  4.65220027E-02 3.34002078E-04 41.8729591  8 60 0.0178382396697998 0.0809469223022461 0.951775789260864
300 1.0000000000000000  0.0000000000000000  0.0000000000000000  6282.6359197325110  24432 60000 51793 2.6278830831713691  4.1199774599077754E-002 1.7734705382126712  2.6278830831713691  1.2056220182312856E-003 0.13678333333333337  7.08030015E-02 5.12003899E-04 67.4689789  27 60 0.022249698638916 0.122420072555542 1.47759556770325
500 1.0000000000000000  0.0000000000000000  0.0000000000000000  10471.006377500589  40440 60000 51253 2.4087227534077917  2.6653937447130627E-002 1.6267162534300008  2.4087227534077917  8.6916817818822537E-004 0.14578333333333338  0.109702997  8.27997923E-04 93.8540878  27 60 0.0328049659729004 0.198720455169678 2.08660244941711
1000 1.0000000000000000  0.0000000000000000  0.0000000000000000  20941.867596533168  80772 60000 51506 3.0871935983325329  2.3699242970837808E-002 1.7151154041559531  3.0871935983325329  1.1913065677965360E-003 0.14156666666666662  0.238381997  1.65399909E-03 98.0459442  64 60 0.0579357147216797 0.430263757705688 2.58757781982422
2000 1.0000000000000000  0.0000000000000000  0.0000000000000000  41883.444878143280  162264 60000 51415 3.0480276836869589  1.3567115901774063E-002 1.6938800817768220  3.0480276836869589  1.1198640664364292E-003 0.14308333333333334  0.481723011  3.14500928E-03 101.528648  125 60 0.109858512878418 0.866573095321655 3.34830355644226
3000 1.0000000000000000  0.0000000000000000  0.0000000000000000  62824.912583599085  243180 60000 51486 2.8926378454847299  1.3547089174653859E-002 1.7017286628281705  2.8926378454847299  1.0781678427139812E-003 0.14190000000000003  0.703065991  4.50599194E-03 94.4445496  216 60 0.161568403244019 1.42672491073608 4.07939863204956
5000 1.0000000000000000  0.0000000000000000  0.0000000000000000  104707.65276444457  405984 60000 51679 3.2929902211303697  7.0697519621376603E-003 1.7106872233842862  3.2929902211303697  1.1757335298035782E-003 0.13868333333333338  1.14555597  7.36200809E-03 158.019348  216 60 0.2579665184021 2.4688572883606 6.75613951683044
10000 1.0000000000000000  0.0000000000000000  0.0000000000000000  209413.85397763303  812568 60000 51593 3.5167700008191707  1.2706926597511714E-002 1.7155715587801348  3.5167700008191707  1.1694797241170079E-003 0.14011666666666667  2.23480606  1.29051208E-02 237.819107  343 60 0.510366439819336 5.18753790855408 12.2690951824188
20000 1.0000000000000000  0.0000000000000000  0.0000000000000000  418824.80487287993  1623864 60000 51569 3.3756499018464696  2.7957432566550589E-002 1.7032981889911203  3.3756499018464696  1.1273798587563074E-003 0.14051666666666662  4.64777660  2.84056664E-02 206.138245  1000 60 0.961040019989014 9.79969930648804 19.3504986763
30000 1.0000000000000000  0.0000000000000000  0.0000000000000000  628234.66003181483  2435916 60000 51519 3.2309318292708253  1.7995568693796926E-002 1.7147711476783605  3.2309318292708253  1.1457428649867382E-003 0.14134999999999998  6.57050133  3.81050110E-02 200.628571  1728 60 1.49457597732544 15.6933143138885 27.6707310676575
50000 1.0000000000000000  0.0000000000000000  0.0000000000000000  1047052.4180939789  4063812 60000 51532 3.3663307521414358  1.0131185855212665E-002 1.7182419396052451  3.3663307521414358  1.1495987191038736E-003 0.14113333333333333  11.6561012  6.62956238E-02 266.932678  2197 60 2.41054654121399 25.3922252655029 44.753458738327
100000 1.0000000000000000  0.0000000000000000  0.0000000000000000  2094090.3210096410  8118540 60000 51524 3.4985216654918938  1.2322440694850778E-002 1.7122035332378043  3.4985216654918938  1.1360246895410640E-003 0.14126666666666665  22.2273655  0.125013351  312.478729  4096 60 4.99302268028259 52.2469842433929 85.8069949150085
200000 1.0000000000000000  0.0000000000000000  0.0000000000000000  4188151.6118638585  16241664 60000 51694 3.5314049294451699  2.0088041393446998E-002 1.7152522171954552  3.5314049294451699  1.1464181831883963E-003 0.13843333333333330  47.5397644  0.444839478  387.202057  8000 60 10.0956559181213 110.42683672905 176.363953828812
300000 1.0000000000000000  0.0000000000000000  0.0000000000000000  6282201.9456072394  24367032 60000 51603 3.5158633645703894  2.1526588772707633E-002 1.7107980792901101  3.5158633645703894  1.1540822000692555E-003 0.13995000000000002  68.2992020  0.371322632  305.001770  13824 60 14.9446942806244 163.901495933533 253.744157552719
500000 1.0000000000000000  0.0000000000000000  0.0000000000000000  10470283.090986457  40601784 60000 51502 3.8411975329354231  1.3851055026718573E-002 1.7173426257485589  3.8411975329354231  1.1663227291531079E-003 0.14163333333333339  109.989067  0.628875732  399.718933  17576 60 25.0126543045044 265.855973958969 409.855681180954
1000000 1.0000000000000000  0.0000000000000000  0.0000000000000000  20940421.033532042  81199560 60000 51647 3.6743729931296638  2.6467084417536091E-002 1.7142483500788366  3.5136393486520445  1.1469961389067810E-003 0.13921666666666666  225.101959  1.59999084  405.721130  42875 60 53.5144124031067 571.189763784409 861.455783128738
2000000 1.0000000000000000  0.0000000000000000  0.0000000000000000  41880551.772194259  162446028 60000 51558 3.6829616788203685  1.4872863075107823E-002 1.7145344413759305  3.6829616788203685  1.1585266773779961E-003 0.14070000000000005  453.543060  3.73818970  490.120209  79507 60 105.610455036163 1107.07816815376 1685.28807663918
